##Reading collimator coordinates info.
##  data/CERR_Prostate/CoordinatesBeam_0.txt a:0
##  data/CERR_Prostate/CoordinatesBeam_70.txt a:70
##  data/CERR_Prostate/CoordinatesBeam_140.txt a:140
##  data/CERR_Prostate/CoordinatesBeam_210.txt a:210
##  data/CERR_Prostate/CoordinatesBeam_280.txt a:280
##  Read 5 files.
##Reading volume files.
##  data/CERR_Prostate/DAO_DDM_BLADDER.dat
##  data/CERR_Prostate/DAO_DDM_RECTUM.dat
##  data/CERR_Prostate/DAO_DDM_PTVHD.dat
##  Read 3 files
##Initilizing plan.
##  Created 5 stations.
##  Initial evaluation: 1827.9.

 
Particula N° 1
##Initilizing plan.
##  Created 5 stations.
##  Initial evaluation: 1014.92.
Particula N° 2
##Initilizing plan.
##  Created 5 stations.
##  Initial evaluation: 511.299.
Particula N° 3
##Initilizing plan.
##  Created 5 stations.
##  Initial evaluation: 459.117.
Particula N° 4
##Initilizing plan.
##  Created 5 stations.
##  Initial evaluation: 591.798.
Particula N° 5
##Initilizing plan.
##  Created 5 stations.
##  Initial evaluation: 364.914.
Particula N° 6
##Initilizing plan.
##  Created 5 stations.
##  Initial evaluation: 1026.44.
Particula N° 7
##Initilizing plan.
##  Created 5 stations.
##  Initial evaluation: 988.595.
Particula N° 8
##Initilizing plan.
##  Created 5 stations.
##  Initial evaluation: 632.806.
Particula N° 9
##Initilizing plan.
##  Created 5 stations.
##  Initial evaluation: 800.093.
Particula N° 10
##Initilizing plan.
##  Created 5 stations.
##  Initial evaluation: 821.779.
###############################################################################
#########################Particles Created#####################################
###############################################################################

 Iteracion: 1
Particula N°1 
1 1 1 1 1 1 1 1 1
1 1 1 1 1 1 1 1 1
1 1 1 1 1 1 1 1 1
-0.516742 -1.27511 -1.27511 0.620815 -0.137556 -0.137556 1.75837 1 1
1.75837 4.03348 4.03348 0.620815 0.241629 0.241629 -1.6543 -2.41267 1
2.13756 2.51674 4.03348 -1.6543 -2.03348 -1.6543 1.75837 1.75837 1
2.51674 1.75837 1.75837 0.620815 -1.27511 -1.6543 -2.03348 -2.03348 1.75837
1 1 -0.137556 0.241629 0.620815 0.241629 -1.6543 -1.27511 -1.6543
2.13756 2.13756 2.51674 1.75837 -1.27511 -1.27511 -2.03348 -2.41267 -2.41267
1 1 1 1 1 1 1 1 1
1 1 1 1 1 1 1 1 1


-1 -1 -1 -1 -1 -1 -1 -1 -1
-1 -1 -1 -1 -1 -1 -1 -1 -1
-1 -1 0 11 11 11 10 -1 -1
6 10 10 9 6 6 0 0 -1
0 0 0 9 10 10 9 9 0
0 0 0 10 10 9 0 0 0
0 6 6 9 10 11 11 11 0
0 0 6 6 9 10 11 10 10
0 0 0 6 10 10 11 11 9
-1 -1 -1 -1 9 11 6 0 0
-1 -1 -1 -1 -1 9 10 11 6


Best Personal: 1014.92
Actual Value: 1017.54

Particula N°2 
1 1 1 1 1 1 1 1 1
1 1 1 1 1 1 1 1 1
1 1 1 1 1 1 1 1 1
-1.65721 -1.65721 0.335697 0.335697 -0.328607 -2.32152 -1.65721 -3.65012 -7.63594
-2.98582 -1.65721 -1.65721 0.335697 -0.328607 0.335697 -1.65721 -1.65721 2.99291
-5.64303 -7.63594 -8.30025 -3.65012 -1.65721 2.32861 8.97164 6.97873 4.98582
2.99291 2.99291 4.98582 0.335697 0.335697 0.335697 2.99291 2.99291 4.98582
1 1 1 -1.65721 -1.65721 0.335697 0.335697 0.335697 4.98582
1 1 1 1 1 1 1 1 1
1 1 1 1 1 1 1 1 1
1 1 1 1 1 1 1 1 1


-1 -1 -1 -1 -1 -1 -1 -1 -1
-1 -1 -1 -1 -1 13 13 13 -1
-1 -1 -1 0 6 10 10 13 10
10 13 13 13 14 14 13 13 13
6 10 10 13 14 13 13 13 6
10 13 14 13 13 10 0 0 0
6 6 6 13 13 10 6 6 0
0 0 6 13 13 13 13 13 0
-1 6 6 13 14 13 6 0 0
-1 -1 -1 10 10 13 13 13 10
-1 -1 -1 -1 -1 -1 6 14 -1


Best Personal: 511.299
Actual Value: 531.368

Particula N°3 
1 1 1 1 1 1 1 1 1
1 1 1 1 1 1 1 1 1
1 1 1 1 1 1 1 1 1
1 1 1 1 1 1 1 1 1
5.98023 7.97232 6.97628 1.49802 0.00395398 2.49407 2.49407 4.48616 5.48221
5.48221 6.97628 3.98814 3.49012 2.49407 0.501977 0.501977 4.48616 5.48221
5.98023 4.98418 3.49012 3.98814 3.98814 1.49802 1.49802 6.97628 6.47825
5.48221 5.98023 3.98814 4.98418 1 1 4.98418 4.98418 1
5.48221 6.97628 5.98023 4.98418 2.49407 1.49802 5.48221 6.47825 1
1 1 1 1 1 1 1 1 1
1 1 1 1 1 1 1 1 1


-1 -1 -1 -1 -1 -1 -1 -1 -1
-1 -1 -1 -1 -1 -1 -1 0 0
-1 -1 -1 -1 -1 7 6 2 2
-1 0 6 7 11 7 6 0 0
0 0 2 11 11 6 6 2 0
0 0 6 7 7 11 11 2 0
0 2 6 6 6 11 11 2 0
0 0 6 6 11 11 2 2 -1
0 0 2 6 11 11 2 0 -1
-1 7 11 11 11 2 2 -1 -1
-1 -1 -1 -1 -1 -1 -1 -1 -1


Best Personal: 459.117
Actual Value: 337.767

Particula N°4 
1 1 1 1 1 1 1 1 1
1 1 1 1 1 1 1 1 1
1 1 1 1 1 1 1 1 1
0.685324 1.31468 1.31468 0.685324 1 1 -0.258702 2.2587 1
0.685324 4.46143 2.2587 1.31468 1.31468 2.57338 2.57338 1 1
1 -0.258702 1 1.62935 1 1.62935 2.2587 1 0.685324
1 1.31468 -0.258702 -0.888054 0.685324 1 1.94403 2.2587 2.88805
0.370649 -2.77611 -2.77611 -1.83208 1.94403 1.62935 4.14676 4.77611 4.46143
1 1 1 1 1 1 1 1 1
1 1 1 1 1 1 1 1 1
1 1 1 1 1 1 1 1 1


-1 -1 -1 -1 -1 -1 -1 -1 -1
-1 -1 -1 -1 -1 -1 -1 -1 -1
-1 0 1 10 10 10 0 -1 -1
1 1 10 12 12 12 10 2 -1
1 1 10 11 10 1 1 0 -1
0 10 11 12 12 10 2 2 1
0 1 10 12 12 11 11 10 0
2 12 12 11 11 10 2 0 0
-1 11 11 12 12 12 10 10 1
-1 -1 -1 -1 -1 12 2 2 0
-1 -1 -1 -1 -1 1 2 12 12


Best Personal: 591.798
Actual Value: 558.24

Particula N°5 
1 1 1 1 1 1 1 1 1
1 1 1 1 1 1 1 1 1
1 1 1 1 1 1 1 1 1
1 1 1 1 1 1 1 1 1
1 1 1 1 1 1 1 1 1
1 1 1 1 1 1 1 1 1
1 1 1 1 1 1 1 1 1
1 1 1 1 1 1 1 1 1
1 1 1 1 1 1 1 1 1
1 1 1 1 1 1 1 1 1
1 1 1 1 1 1 1 1 1


-1 -1 -1 -1 -1 -1 12 12 -1
-1 -1 -1 -1 -1 12 12 10 0
-1 -1 -1 10 12 12 10 3 3
-1 10 10 14 14 14 10 10 0
3 12 14 14 12 10 3 3 0
0 0 3 10 12 13 13 13 12
12 12 14 14 14 13 12 0 0
3 12 14 14 12 10 10 0 0
0 3 12 13 14 13 13 12 10
-1 -1 0 3 3 10 12 3 -1
-1 -1 -1 -1 -1 -1 -1 -1 -1


Best Personal: 364.914
Actual Value: 334.721

Particula N°6 
1 1 1 1 1 1 1 1 1
1 1 1 1 1 1 1 1 1
1 1 1 1 1 1 1 1 1
1 1 1 1 1 1 1 1 1
1.98897 2.73069 1.74172 1.24724 1.24724 1.49448 1.49448 1.49448 3.22517
3.22517 2.48345 2.48345 2.23621 1.74172 0.752758 1.98897 3.22517 3.22517
1.98897 1.98897 1.74172 1.24724 1.24724 1.74172 2.23621 2.73069 2.23621
1.74172 1.74172 1.24724 1.74172 1 1.74172 1.74172 3.47242 1
3.22517 2.48345 1.24724 1.74172 2.23621 1.74172 1.98897 2.23621 1
1 1 1 1 1 1 1 1 1
1 1 1 1 1 1 1 1 1


-1 -1 -1 -1 -1 -1 -1 -1 -1
-1 -1 -1 -1 -1 -1 -1 8 6
-1 -1 -1 -1 -1 9 9 9 6
-1 7 9 9 11 9 6 6 0
6 7 11 11 8 7 7 7 0
0 6 6 7 7 11 6 0 0
6 6 8 11 11 9 7 7 6
6 7 11 11 11 8 7 0 -1
0 6 11 11 9 9 7 6 -1
-1 7 7 11 7 7 6 -1 -1
-1 -1 -1 -1 -1 -1 -1 -1 -1


Best Personal: 1026.44
Actual Value: 937.167

Particula N°7 
1 1 1 1 1 1 1 1 1
1 1 1 1 1 1 1 1 1
1 1 1 1 1 1 1 1 1
2.01657 3.03313 1 -1.54141 -4.08283 -4.08283 2.01657 1 1
2.01657 4.55798 -1.54141 -1.54141 -1.54141 3.03313 -0.0165654 1 1
2.52485 1 -1.54141 -4.08283 -4.59111 -4.59111 1.50828 1.50828 1
3.03313 4.55798 4.55798 3.03313 -3.57454 -3.57454 -4.08283 2.52485 2.01657
1 0.491717 0.491717 -3.57454 3.03313 4.55798 3.03313 3.03313 2.52485
2.52485 0.491717 1 3.03313 -3.57454 -3.57454 0.491717 2.01657 1
1 1 1 1 1 1 1 1 1
1 1 1 1 1 1 1 1 1


-1 -1 -1 -1 -1 -1 -1 -1 -1
-1 -1 -1 -1 -1 -1 -1 -1 -1
-1 -1 0 0 1 13 0 -1 -1
0 0 4 13 13 13 0 0 -1
0 1 13 13 13 4 4 0 0
0 4 13 13 13 13 1 1 0
0 1 1 4 13 13 13 0 0
0 1 4 13 4 1 0 0 0
0 4 4 4 13 13 4 0 0
-1 -1 -1 -1 1 13 4 1 0
-1 -1 -1 -1 -1 13 13 13 4


Best Personal: 988.595
Actual Value: 1002.1

Particula N°8 
1 1 1 1 1 1 1 1 1
1 1 1 1 1 1 1 1 1
1 1 1 1 1 1 1 1 1
1 1 1 1 1 1 1 1 1
2.60486 3.67476 3.40729 2.33738 1.26748 0.197571 0.197571 1.53495 2.33738
3.40729 1 2.33738 2.87233 2.33738 2.33738 2.60486 3.40729 3.40729
2.60486 2.33738 2.60486 2.0699 2.0699 2.0699 1 1.53495 2.87233
3.40729 3.67476 2.33738 1.53495 0.732524 1.80243 2.60486 3.67476 1
3.40729 2.0699 1 1.53495 2.60486 2.0699 2.0699 2.0699 1
1 1 1 1 1 1 1 1 1
1 1 1 1 1 1 1 1 1


-1 -1 -1 -1 -1 -1 -1 -1 -1
-1 -1 -1 -1 -1 -1 -1 7 7
-1 -1 -1 -1 -1 8 12 8 8
-1 5 5 7 12 8 5 4 0
4 4 5 7 8 12 12 7 4
0 12 7 5 5 5 4 0 0
4 5 5 8 8 8 12 12 4
0 0 7 12 12 8 4 0 -1
0 8 12 12 8 8 7 7 -1
-1 5 7 7 8 12 7 -1 -1
-1 -1 -1 -1 -1 -1 -1 -1 -1


Best Personal: 632.806
Actual Value: 546.327

Particula N°9 
1 1 1 1 1 1 1 1 1
1 1 1 1 1 1 1 1 1
1 1 1 1 1 1 1 1 1
1 1.63326 6.69932 6.69932 2.89977 0.366742 -3.43281 3.53303 1
1 6.69932 4.16629 0.366742 -0.266517 -0.899775 -0.899775 0.366742 1
-0.266517 2.89977 6.06607 4.16629 0.366742 0.366742 4.16629 1.63326 1
1 1.63326 2.89977 2.89977 2.26652 2.26652 1.63326 4.16629 3.53303
-0.899775 -4.69932 -4.69932 -5.96584 1.63326 2.89977 7.96584 7.96584 7.96584
1 1 1 1 1 1 1 1 1
1 1 1 1 1 1 1 1 1
1 1 1 1 1 1 1 1 1


-1 -1 -1 -1 -1 -1 -1 -1 -1
-1 -1 -1 -1 -1 -1 -1 -1 -1
-1 0 1 3 13 3 1 -1 -1
0 1 2 2 9 13 13 2 -1
0 3 9 13 13 9 9 1 -1
2 3 3 9 13 13 1 1 0
0 1 3 3 9 9 13 9 2
3 9 9 13 13 9 1 1 0
-1 1 2 9 13 9 9 1 0
-1 -1 -1 -1 -1 13 13 3 2
-1 -1 -1 -1 -1 2 3 3 2


Best Personal: 800.093
Actual Value: 701.294

Particula N°10 
1 1 1 1 1 1 1 1 1
1 1 1 1 1 1 1 1 1
1 1 1 1 1 1 1 1 1
1.2464 1.4928 1.98561 1.98561 2.23201 1.4928 1.4928 1.2464 0.0143937
1 2.47841 1.4928 1 1 1.98561 1.4928 1.98561 1.98561
1 -1.95682 -1.95682 -0.478409 1.2464 1.98561 2.72481 1.98561 1.4928
2.23201 1.4928 2.23201 1.98561 1 1.4928 2.23201 3.21761 2.47841
0.0143937 0.0143937 1.2464 1.4928 1.2464 2.23201 2.72481 2.72481 1.2464
1 1 1 1 1 1 1 1 1
1 1 1 1 1 1 1 1 1
1 1 1 1 1 1 1 1 1


-1 -1 -1 -1 -1 -1 -1 -1 -1
-1 -1 -1 -1 -1 8 12 0 -1
-1 -1 -1 8 8 8 7 5 0
5 7 8 8 7 7 7 5 4
0 0 4 12 12 8 7 5 5
0 12 12 12 8 8 5 5 4
4 7 7 8 12 7 4 0 0
4 4 5 7 8 7 5 5 5
-1 0 0 4 5 7 4 0 0
-1 -1 -1 7 12 8 8 5 4
-1 -1 -1 -1 -1 -1 5 8 -1


Best Personal: 821.779
Actual Value: 735.879

Best Global Iteration n°0: 334.721 at the iteration 0

 Iteracion: 2
Particula N°1 
1 1 1 1 1 1 1 1 1
1 1 1 1 1 1 1 1 1
1 1 1 1 1 1 1 1 1
1 1.83938 5.19689 4.35751 0.580311 4.7772 3.09844 3.51813 1
1 1.83938 1.41969 1.83938 4.35751 3.51813 3.51813 1 1
1 3.09844 4.35751 2.67875 4.7772 5.61657 3.09844 1.41969 1
1 1.83938 3.09844 3.09844 1.41969 4.35751 6.87564 6.87564 3.51813
1 0.580311 -3.19689 -2.35751 2.67875 1.83938 5.61657 6.03626 5.61657
1 1 1 1 1 1 1 1 1
1 1 1 1 1 1 1 1 1
1 1 1 1 1 1 1 1 1


-1 -1 -1 -1 -1 -1 -1 -1 -1
-1 -1 -1 -1 -1 -1 -1 -1 -1
-1 1 13 13 10 3 1 -1 -1
0 0 1 3 13 3 1 0 -1
0 10 13 10 3 0 0 0 -1
0 1 3 10 3 1 1 1 0
0 0 1 1 10 3 0 0 0
0 1 10 10 10 10 1 0 0
-1 0 1 13 3 3 1 1 0
-1 -1 -1 -1 -1 13 10 3 1
-1 -1 -1 -1 -1 10 13 0 0


Best Personal: 1014.92
Actual Value: 838.898

Particula N°2 
1 1 1 1 1 1 1 1 1
1 1 1 1 1 1 1 1 1
1 1 1 1 1 1 1 1 1
1 1 1 1 1 1 1 1 1
2.46434 4.90491 4.41679 2.46434 1.48811 2.46434 0.511886 2.95245 1.48811
1 1 0.511886 3.92868 1.48811 3.92868 5.39302 7.34548 7.34548
7.34548 7.34548 4.41679 2.46434 2.46434 1.97623 6.85736 1.48811 1.48811
2.95245 7.34548 8.3217 7.83359 1.48811 0.511886 3.92868 1.48811 1.48811
1.48811 2.46434 3.44057 3.92868 2.46434 3.92868 3.92868 3.44057 5.88114
1 1 1 1 1 1 1 1 1
1 1 1 1 1 1 1 1 1


-1 -1 -1 -1 -1 -1 12 0 -1
-1 -1 -1 -1 -1 0 0 8 5
-1 -1 -1 0 5 5 8 8 8
-1 0 12 12 8 5 5 0 0
1 5 8 12 12 8 5 0 0
1 1 5 5 12 8 5 1 0
0 0 8 12 12 12 1 0 0
0 0 0 1 12 12 5 0 0
0 1 8 8 12 8 8 8 1
-1 -1 0 8 12 8 5 1 -1
-1 -1 -1 -1 -1 -1 -1 -1 -1


Best Personal: 511.299
Actual Value: 417.462

Particula N°3 
1 1 1 1 1 1 1 1 1
1 1 1 1 1 1 1 1 1
1 1 1 1 1 1 1 1 1
1 1 1 1 1 1 1 1 1
8.20184 11.3036 9.75274 1.22278 -1.10357 2.77368 2.77368 5.87549 7.42639
7.42639 9.75274 5.10004 4.32458 2.77368 -0.328122 -0.328122 5.87549 7.42639
8.20184 6.65094 4.32458 5.10004 5.10004 1.22278 1.22278 9.75274 8.97729
7.42639 8.20184 5.10004 6.65094 0.447329 0.447329 6.65094 6.65094 1
7.42639 9.75274 8.20184 6.65094 2.77368 1.22278 7.42639 8.97729 1
1 1 1 1 1 1 1 1 1
1 1 1 1 1 1 1 1 1


-1 -1 -1 -1 -1 -1 -1 -1 -1
-1 -1 -1 -1 -1 -1 -1 1 1
-1 -1 -1 -1 -1 8 7 3 3
-1 1 7 8 12 8 7 1 1
5.98023 7.97232 8.97628 12.498 11.004 8.49407 8.49407 6.48616 5.48221
5.48221 6.97628 9.98814 10.4901 9.49407 11.502 11.502 6.48616 5.48221
5.98023 6.98418 9.49012 9.98814 9.98814 12.498 12.498 8.97628 6.47825
5.48221 5.98023 9.98814 10.9842 12 12 6.98418 6.98418 -1
5.48221 6.97628 7.98023 10.9842 13.4941 12.498 7.48221 6.47825 -1
-1 8 12 12 12 3 3 -1 -1
-1 -1 -1 -1 -1 -1 -1 -1 -1


Best Personal: 337.767
Actual Value: 200.2

Particula N°4 
1 1 1 1 1 1 1 1 1
1 1 1 1 1 1 1 1 1
1 1 1 1 1 1 1 1 1
1 1 1 1 1 1 1 1 1
2.30844 1.65422 2.30844 2.30844 0.672889 1 0.345778 0.345778 1.32711
1.32711 -0.635556 -1.28978 1 0.672889 1 1.32711 1.32711 3.28978
5.25245 5.25245 2.30844 1.32711 1.32711 1.32711 1.65422 -2.27111 -2.27111
0.345778 3.28978 1.65422 1.32711 0.672889 1 4.59822 1.32711 1.32711
1.32711 -1.28978 1.65422 1.32711 1.32711 1 1 0.672889 4.59822
1 1 1 1 1 1 1 1 1
1 1 1 1 1 1 1 1 1


-1 -1 -1 -1 -1 -1 14 6 -1
-1 -1 -1 -1 -1 0 14 11 11
-1 -1 -1 11 11 14 14 11 11
-1 6 11 14 14 13 11 0 0
0 11 11 11 14 11 6 6 0
0 6 11 11 14 14 13 13 6
0 0 11 14 14 13 11 11 11
6 6 13 14 14 11 0 0 0
0 11 11 13 14 14 14 14 0
-1 -1 0 0 0 11 11 0 -1
-1 -1 -1 -1 -1 -1 -1 -1 -1


Best Personal: 558.24
Actual Value: 511.93

Particula N°5 
1 1 1 1 1 1 1 1 1
1 1 1 1 1 1 1 1 1
1 1 1 1 1 1 1 1 1
1 1 1 1 1 1 1 1 1
1 1 1 1 1 1 1 1 1
1 1 1 1 1 1 1 1 1
1 1 1 1 1 1 1 1 1
1 1 1 1 1 1 1 1 1
1 1 1 1 1 1 1 1 1
1 1 1 1 1 1 1 1 1
1 1 1 1 1 1 1 1 1


-1 -1 -1 -1 -1 -1 -1 -1 -1
-1 -1 -1 -1 -1 9 9 6 -1
-1 -1 -1 9 9 12 12 12 0
6 9 12 12 12 9 9 6 0
0 6 6 12 12 12 9 9 9
0 0 0 6 9 12 12 9 6
9 9 12 12 12 9 9 9 6
0 0 6 9 9 12 12 12 6
-1 0 0 6 9 12 12 12 6
-1 -1 -1 0 9 12 12 6 6
-1 -1 -1 -1 -1 -1 9 9 -1


Best Personal: 334.721
Actual Value: 298.652

Particula N°6 
1 1 1 1 1 1 1 1 1
1 1 1 1 1 1 1 1 1
1 1 1 1 1 1 1 1 1
1 1 1 1 1 1 1 1 1
-3.16664 2.19047 2.7857 2.7857 1.59523 1 1 1 1.59523
1.59523 -4.95235 -3.16664 1 1.59523 2.19047 2.7857 6.95235 8.73805
8.73805 6.35711 7.54758 5.76188 3.38094 2.7857 4.57141 -0.785704 -0.785704
3.38094 8.73805 5.76188 5.76188 2.19047 1 0.404765 -4.95235 -2.57141
-0.785704 1 4.57141 2.19047 2.7857 2.19047 2.7857 2.19047 3.38094
1 1 1 1 1 1 1 1 1
1 1 1 1 1 1 1 1 1


-1 -1 -1 -1 -1 -1 7 11 -1
-1 -1 -1 -1 -1 0 0 11 0
-1 -1 -1 0 7 12 12 11 7
-1 4 4 4 11 12 12 12 0
11 11 12 12 12 11 4 4 0
0 11 11 11 12 12 11 4 0
0 4 4 7 11 11 7 4 4
0 0 7 7 11 11 12 11 7
4 4 7 12 12 12 11 11 7
-1 -1 0 7 11 11 12 0 -1
-1 -1 -1 -1 -1 -1 -1 -1 -1


Best Personal: 937.167
Actual Value: 792.062

Particula N°7 
1 1 1 1 1 1 1 1 1
1 1 1 1 1 1 1 1 1
1 1 1 1 1 1 1 1 1
1 1 1 1 1 1 1 1 1
1.00921 1.02994 1.03224 1.01152 1.00691 1.0023 0.986181 0.986181 1.0023
1 0.983878 0.986181 0.997697 1.0023 1.00461 1.00921 1.00921 1.02994
1.02994 1.02994 1.01152 1.01152 1.01152 1.01382 1.02994 1.0023 1.0023
1.00691 1.01152 1.01152 1.00691 1.0023 1.00691 1.02533 1.0023 1.0023
1.0023 0.986181 1.00691 1.00461 1.01152 1.01382 1.02994 1.02764 1.02533
1 1 1 1 1 1 1 1 1
1 1 1 1 1 1 1 1 1


-1 -1 -1 -1 -1 -1 0 10 -1
-1 -1 -1 -1 -1 10 12 1 0
-1 -1 -1 0 0 8 12 10 0
-1 0 8 10 10 12 1 0 0
0 0 1 10 10 10 10 10 0
1 8 10 12 12 12 10 10 0
0 0 10 10 10 8 0 0 0
1 8 10 12 12 8 0 0 0
0 10 10 12 10 8 1 1 0
-1 -1 12 10 8 0 0 0 -1
-1 -1 -1 -1 -1 -1 -1 -1 -1


Best Personal: 988.595
Actual Value: 938.231

Particula N°8 
1 1 1 1 1 1 1 1 1
1 1 1 1 1 1 1 1 1
1 1 1 1 1 1 1 1 1
1 1 1 1 1 1 1 1 1
4.98774 8.11413 7.33253 4.20614 1.07975 -2.04664 -2.04664 1.86135 4.20614
7.33253 0.29815 4.20614 5.76934 4.20614 4.20614 4.98774 7.33253 7.33253
4.98774 4.20614 4.98774 3.42454 3.42454 3.42454 0.29815 1.86135 5.76934
7.33253 8.11413 4.20614 1.86135 -0.483448 2.64294 4.98774 8.11413 1
7.33253 3.42454 0.29815 1.86135 4.98774 3.42454 3.42454 3.42454 1
1 1 1 1 1 1 1 1 1
1 1 1 1 1 1 1 1 1


-1 -1 -1 -1 -1 -1 -1 -1 -1
-1 -1 -1 -1 -1 -1 -1 8 8
-1 -1 -1 -1 -1 9 13 9 9
-1 6 6 8 13 9 6 5 1
6.60486 7.67476 8.40729 9.33738 9.26748 12.1976 12.1976 8.53495 6.33738
3.40729 13 9.33738 7.87233 7.33738 7.33738 6.60486 3.40729 3.40729
6.60486 7.33738 7.60486 10.0699 10.0699 10.0699 13 13.535 6.87233
3.40729 3.67476 9.33738 13.535 12.7325 9.80243 6.60486 3.67476 -1
3.40729 10.0699 13 13.535 10.6049 10.0699 9.0699 9.0699 -1
-1 6 8 8 9 13 8 -1 -1
-1 -1 -1 -1 -1 -1 -1 -1 -1


Best Personal: 546.327
Actual Value: 401.089

Particula N°9 
1 1 1 1 1 1 1 1 1
1 1 1 1 1 1 1 1 1
1 1 1 1 1 1 1 1 1
1 1 1 1 1 1 1 1 1
5.85274 7.79384 6.82329 2.45582 0.514726 1 1.48527 5.36747 5.36747
5.36747 6.82329 1.97055 1.97055 1.48527 1.97055 1.97055 4.39692 5.36747
5.85274 1.48527 1.48527 2.45582 2.9411 2.9411 5.85274 7.79384 6.33801
5.36747 5.85274 5.85274 6.82329 5.36747 2.45582 1.97055 5.85274 1
5.36747 6.82329 5.85274 3.91164 3.91164 2.45582 1.48527 6.33801 1
1 1 1 1 1 1 1 1 1
1 1 1 1 1 1 1 1 1


-1 -1 -1 -1 -1 -1 -1 -1 -1
-1 -1 -1 -1 -1 -1 -1 2 0
-1 -1 -1 -1 -1 0 0 9 10
-1 0 0 0 10 8 8 2 2
0 0 2 9 10 9 8 0 0
0 0 10 10 9 8 8 2 0
0 9 10 9 8 8 2 0 0
0 0 2 2 2 8 8 0 -1
0 0 2 8 8 9 10 0 -1
-1 0 0 2 9 9 0 -1 -1
-1 -1 -1 -1 -1 -1 -1 -1 -1


Best Personal: 701.294
Actual Value: 545.903

Particula N°10 
1 1 1 1 1 1 1 1 1
1 1 1 1 1 1 1 1 1
1 1 1 1 1 1 1 1 1
1.01038 1.03113 0.916979 0.958489 0.906601 1.02076 1.02076 1 1
1.02076 1.08302 1.07264 1.02076 0.958489 0.958489 0.896223 0.875468 0.989622
1.03113 1.03113 1.02076 0.906601 0.896223 0.896223 0.896223 0.896223 0.875468
0.916979 0.958489 0.958489 0.958489 0.916979 0.916979 0.968867 1.02076 1.02076
0.989622 0.875468 0.906601 0.916979 0.958489 0.958489 0.979245 1.03113 1.03113
1.03113 0.968867 0.979245 0.958489 0.916979 1.03113 1.02076 1.01038 1
1 1 1 1 1 1 1 1 1
1 1 1 1 1 1 1 1 1


-1 -1 -1 -1 -1 -1 -1 -1 -1
-1 -1 -1 -1 -1 -1 -1 -1 -1
-1 -1 6 6 12 12 0 -1 -1
1 1 12 12 12 1 0 0 -1
0 0 1 6 12 12 12 12 1
0 1 6 12 12 12 12 12 12
12 12 12 12 12 12 6 1 0
1 12 12 12 12 12 6 1 0
0 6 6 12 12 1 1 1 0
-1 -1 -1 -1 6 12 12 12 0
-1 -1 -1 -1 -1 6 6 0 0


Best Personal: 735.879
Actual Value: 717.681

Best Global Iteration n°1: 200.2 at the iteration 1

 Iteracion: 3
Particula N°1 
1 1 1 1 1 1 1 1 1
1 1 1 1 1 1 1 1 1
1 1 1 1 1 1 1 1 1
0.457134 3.01231 7.80433 6.33489 -0.277586 3.81242 0.873538 1.60826 1
3.71433 -1.33062 -0.436744 1.38371 6.33489 3.77972 1.60826 0.457134 1
3.71433 4.6736 4.16343 -0.404048 6.52675 8.53905 7.38793 3.36332 2.6286
0.457134 3.01231 3.045 6.84506 1.73472 3.62056 6.40029 3.14309 1.60826
2.6286 2.97961 -0.91854 0.0080342 1.76742 -0.787756 5.28186 4.93085 4.73899
1 1 1 1 1 1 1 1 1
1 1 1 1 1 1 1 1 1
1 1 1 1 1 1 1 1 1


-1 -1 -1 -1 -1 -1 -1 -1 -1
-1 -1 -1 -1 -1 -1 -1 -1 -1
-1 2 14 14 11 4 2 -1 -1
1 1.83938 6.19689 7.35751 13.5803 7.7772 4.09844 3.51813 -1
1 11.8394 14.4197 11.8394 7.35751 3.51813 3.51813 1 -1
1 4.09844 7.35751 12.6788 7.7772 6.61657 4.09844 2.41969 1
1 1.83938 4.09844 4.09844 11.4197 7.35751 6.87564 6.87564 3.51813
1 1.58031 6.80311 7.64249 12.6788 11.8394 6.61657 6.03626 5.61657
-1 1 2 14 4 4 2 2 1
-1 -1 -1 -1 -1 14 11 4 2
-1 -1 -1 -1 -1 11 14 1 1


Best Personal: 838.898
Actual Value: 646.898

Particula N°2 
1 1 1 1 1 1 1 1 1
1 1 1 1 1 1 1 1 1
1 1 1 1 1 1 1 1 1
1 0.347031 1.65297 1.65297 0.0205459 1.32648 1 1.97945 1
3.28539 2.30594 1.65297 0.0205459 0.0205459 0.0205459 0.0205459 1.32648 1.32648
1 3.93836 1.65297 0.0205459 1.65297 1.65297 2.63242 2.95891 1
3.61188 3.93836 3.61188 1.65297 0.0205459 0.0205459 0.0205459 1 1
3.93836 2.63242 1.65297 1.65297 0.0205459 0.0205459 0.0205459 1.32648 -0.632424
1 0.347031 -0.632424 -0.632424 -0.305939 1.65297 1.65297 1.65297 2.30594
1 1 1 1 1 1 1 1 1
1 1 1 1 1 1 1 1 1


-1 -1 -1 -1 -1 -1 -1 -1 -1
-1 -1 -1 -1 -1 -1 -1 -1 -1
-1 -1 8 13 8 8 5 -1 -1
0 2 8 8 13 8 8 5 -1
2 5 8 13 13 13 13 8 8
0 0 8 13 8 8 5 2 0
0 0 2 8 13 13 13 8 0
0 5 8 8 13 13 13 8 5
0 2 5 13 13 8 8 8 5
-1 -1 -1 -1 0 0 8 2 0
-1 -1 -1 -1 -1 0 2 13 2


Best Personal: 417.462
Actual Value: 380.784

Particula N°3 
1 1 1 1 1 1 1 1 1
1 1 1 1 1 1 1 1 1
1 1 1 1 1 1 1 1 1
1 1 1 1 1 1 1 1 1
8.20184 11.3036 9.75274 1.22278 -1.10357 2.77368 2.77368 5.87549 7.42639
7.42639 9.75274 5.10004 4.32458 2.77368 -0.328122 -0.328122 5.87549 7.42639
8.20184 6.65094 4.32458 5.10004 5.10004 1.22278 1.22278 9.75274 8.97729
7.42639 8.20184 5.10004 6.65094 0.447329 0.447329 6.65094 6.65094 1
7.42639 9.75274 8.20184 6.65094 2.77368 1.22278 7.42639 8.97729 1
1 1 1 1 1 1 1 1 1
1 1 1 1 1 1 1 1 1


-1 -1 -1 -1 -1 -1 -1 -1 -1
-1 -1 -1 -1 -1 -1 -1 2 2
-1 -1 -1 -1 -1 9 8 4 4
-1 2 8 9 13 9 8 2 2
14.1821 19.276 18.729 13.7208 9.90038 11.2678 11.2678 12.3616 12.9086
12.9086 16.729 15.0882 14.8147 12.2678 11.1739 11.1739 12.3616 12.9086
14.1821 13.6351 13.8147 15.0882 15.0882 13.7208 13.7208 18.729 15.4555
12.9086 14.1821 15.0882 17.6351 12.4473 12.4473 13.6351 13.6351 -1
12.9086 16.729 16.1821 17.6351 16.2678 13.7208 14.9086 15.4555 -1
-1 9 13 13 13 4 4 -1 -1
-1 -1 -1 -1 -1 -1 -1 -1 -1


Best Personal: 200.2
Actual Value: 136.085

Particula N°4 
1 1 1 1 1 1 1 1 1
1 1 1 1 1 1 1 1 1
1 1 1 1 1 1 1 1 1
-0.2448 2.2448 1.14101 -0.2448 0.448103 -2.86328 -5.63489 -0.0916611 1
3.06658 4.75867 1.56403 0.589111 1.14101 2.80883 0.601243 0.448103 1
3.75948 -1.77162 -1.75948 -2.02937 -0.103793 1.83391 6.5311 2.65569 1.96279
0.448103 2.2448 -3.42731 -0.949836 0.307096 -2.31138 -1.88836 -4.50683 1.29415
1.26988 -4.55536 -1.79588 -0.269065 0.871125 -0.925572 4.06576 4.34778 4.20677
1 1 1 1 1 1 1 1 1
1 1 1 1 1 1 1 1 1
1 1 1 1 1 1 1 1 1


-1 -1 -1 -1 -1 -1 -1 -1 -1
-1 -1 -1 -1 -1 -1 -1 -1 -1
-1 1 2 11 11 11 1 -1 -1
1.68532 2.31468 11.3147 12.6853 13 13 9.7413 4.2587 -1
1.68532 5.46143 12.2587 12.3147 11.3147 3.57338 3.57338 1 -1
1 9.7413 12 13.6294 13 11.6294 4.2587 3 1.68532
1 2.31468 9.7413 11.1119 12.6853 12 12.944 12.2587 2.88805
2.37065 9.22389 9.22389 9.16792 12.944 11.6294 6.14676 4.77611 4.46143
-1 12 12 13 13 13 11 11 2
-1 -1 -1 -1 -1 13 3 3 1
-1 -1 -1 -1 -1 2 3 13 13


Best Personal: 511.93
Actual Value: 504.277

Particula N°5 
1 1 1 1 1 1 1 1 1
1 1 1 1 1 1 1 1 1
1 1 1 1 1 1 1 1 1
0.960671 0.977526 0.960671 0.96629 0.983145 1 1.02247 1.03933 1.07304
0.994382 1.03933 1.03933 1.00562 0.96629 0.960671 0.977526 0.977526 0.977526
0.994382 1.02809 1.02809 1.01686 1 1.00562 1.00562 0.977526 0.994382
0.977526 1 1.00562 1.00562 0.983145 0.983145 0.977526 0.977526 0.960671
0.994382 0.994382 0.994382 1.02247 1 0.96629 0.960671 0.960671 0.960671
1 1 1 1 1 1 1 1 1
1 1 1 1 1 1 1 1 1
1 1 1 1 1 1 1 1 1


-1 -1 -1 -1 -1 -1 -1 -1 -1
-1 -1 -1 -1 -1 10 10 7 -1
-1 -1 -1 10 10 13 13 13 1
7 10 13 13 13 10 10 7 1
1 7 7 13 13 13 10 10 10
1 1 1 7 10 13 13 10 7
10 10 13 13 13 10 10 10 7
1 1 7 10 10 13 13 13 7
-1 1 1 7 10 13 13 13 7
-1 -1 -1 1 10 13 13 7 7
-1 -1 -1 -1 -1 -1 10 10 -1


Best Personal: 298.652
Actual Value: 279.419

Particula N°6 
1 1 1 1 1 1 1 1 1
1 1 1 1 1 1 1 1 1
1 1 1 1 1 1 1 1 1
1 1 1 1 1 1 1 1 1
2.51688 3.54435 2.25209 1.37285 1.30292 1.73088 1.73088 1.82413 4.05061
4.05061 3.18632 3.04645 2.71173 2.04229 0.703411 2.26045 4.00399 4.05061
2.51688 2.47026 2.08891 1.48941 1.48941 1.99567 2.61848 3.49773 2.8516
2.18216 2.20547 1.48941 2.15885 1.03813 1.97236 2.15885 4.33871 1
4.05061 3.18632 1.58265 2.15885 2.66511 1.99567 2.49357 2.8516 1
1 1 1 1 1 1 1 1 1
1 1 1 1 1 1 1 1 1


-1 -1 -1 -1 -1 -1 -1 -1 -1
-1 -1 -1 -1 -1 -1 -1 9 7
-1 -1 -1 -1 -1 10 10 10 7
-1 8 10 10 12 10 7 7 1
7.98897 9.73069 12.7417 12.2472 9.24724 8.49448 8.49448 8.49448 3.22517
3.22517 8.48345 8.48345 9.23621 8.74172 11.7528 7.98897 3.22517 3.22517
7.98897 7.98897 9.74172 12.2472 12.2472 10.7417 9.23621 9.73069 8.23621
7.74172 8.74172 12.2472 12.7417 12 9.74172 8.74172 3.47242 -1
3.22517 8.48345 12.2472 12.7417 11.2362 10.7417 8.98897 8.23621 -1
-1 8 8 12 8 8 7 -1 -1
-1 -1 -1 -1 -1 -1 -1 -1 -1


Best Personal: 792.062
Actual Value: 668.029

Particula N°7 
1 1 1 1 1 1 1 1 1
1 1 1 1 1 1 1 1 1
1 1 1 1 1 1 1 1 1
-2.42456 0.510777 0.510777 1 2.46767 1 2.95689 2.95689 2.95689
1 4.42456 4.42456 4.42456 -0.467669 -0.956893 -0.956893 0.510777 0.510777
1 0.510777 -0.467669 1 1 2.95689 7.84912 3.93534 3.93534
3.93534 2.46767 4.42456 2.95689 1 -0.467669 -0.956893 3.93534 1
-2.42456 -3.89223 -0.956893 2.95689 1 -0.467669 -0.956893 0.510777 -2.42456
1 1 1 1 1 1 1 1 1
1 1 1 1 1 1 1 1 1
1 1 1 1 1 1 1 1 1


-1 -1 -1 -1 -1 -1 -1 -1 -1
-1 -1 -1 -1 -1 10 10 0 -1
-1 -1 -1 0 7 9 7 7 7
7 7 7 7 7 10 10 10 10
0 7 7 7 10 10 10 7 7
0 7 9 10 10 10 0 0 0
0 7 7 10 10 10 10 0 0
7 10 10 10 10 10 10 7 7
-1 7 9 10 10 9 9 0 0
-1 -1 -1 7 7 10 10 10 9
-1 -1 -1 -1 -1 -1 9 0 -1


Best Personal: 938.231
Actual Value: 841.671

Particula N°8 
1 1 1 1 1 1 1 1 1
1 1 1 1 1 1 1 1 1
1 1 1 1 1 1 1 1 1
1 1 1 1 1 1 1 1 1
0.558506 3.64896 3.64896 2.76598 -2.09046 -3.41494 -2.53195 -2.53195 0.558506
0.558506 -3.41494 1 1 0.558506 1.88299 5.41494 2.76598 1
1 3.64896 2.32448 1.88299 -0.324482 0.558506 -0.324482 2.76598 1
1 0.117012 0.117012 1.44149 2.76598 1.88299 2.32448 0.558506 0.558506
-2.53195 2.32448 1 1.44149 3.20747 0.117012 0.117012 -0.765976 0.558506
1 1 1 1 1 1 1 1 1
1 1 1 1 1 1 1 1 1


-1 -1 -1 -1 -1 -1 13 14 -1
-1 -1 -1 -1 -1 0 13 13 9
-1 -1 -1 0 1 1 13 14 13
-1 1 8 13 13 14 13 13 0
1 8 8 9 14 14 8 8 1
1 14 14 14 14 9 1 0 0
0 1 8 9 14 14 14 0 0
0 9 13 13 9 9 8 8 1
8 8 14 13 9 9 9 8 1
-1 -1 14 13 13 9 9 8 -1
-1 -1 -1 -1 -1 -1 -1 -1 -1


Best Personal: 401.089
Actual Value: 374.004

Particula N°9 
1 1 1 1 1 1 1 1 1
1 1 1 1 1 1 1 1 1
1 1 1 1 1 1 1 1 1
0.313891 -0.715272 -0.0291629 -0.0291629 -0.0291629 2.37222 3.05833 3.74443 1
3.40138 2.02916 2.37222 -0.0291629 -0.0291629 2.37222 3.74443 4.08749 4.08749
1 4.08749 2.71527 2.71527 2.71527 -0.0291629 2.37222 2.02916 1
3.74443 -0.372217 -0.0291629 -0.0291629 2.71527 3.74443 3.74443 3.74443 1
4.08749 4.43054 3.74443 3.74443 2.71527 2.37222 2.71527 2.37222 1
1 1 0.313891 -0.715272 -0.372217 -0.0291629 -0.0291629 2.37222 2.37222
1 1 1 1 1 1 1 1 1
1 1 1 1 1 1 1 1 1


-1 -1 -1 -1 -1 -1 -1 -1 -1
-1 -1 -1 -1 -1 -1 -1 -1 -1
-1 -1 0 0 6 13 0 -1 -1
2 5 13 13 13 5 2 0 -1
2 6 6 13 13 6 2 0 0
0 0 5 5 5 13 6 5 0
0 13 13 13 5 2 2 0 0
0 0 2 2 5 6 5 5 0
0 0 2 13 13 13 13 6 5
-1 -1 -1 -1 2 13 5 5 0
-1 -1 -1 -1 -1 2 0 0 0


Best Personal: 545.903
Actual Value: 490.773

Particula N°10 
1 1 1 1 1 1 1 1 1
1 1 1 1 1 1 1 1 1
1 1 1 1 1 1 1 1 1
0.377061 0.391278 -0.00193833 0.0264956 -0.0090468 3.21938 3.21938 3.20516 1
3.53441 3.57706 3.56995 1.95929 0.0264956 0.0264956 -0.0161553 -0.345396 3.19806
0.706302 3.22649 1.95929 -0.0090468 -0.0161553 -0.0161553 -0.0161553 -0.646202 -3.18061
-0.631985 -0.288528 0.0264956 0.0264956 -0.00193833 -0.00193833 1.92375 2.90436 0.699193
3.19806 -0.0303722 -0.0090468 -0.00193833 0.0264956 0.0264956 1.93085 3.22649 0.706302
0.706302 -1.22649 -1.21938 -0.603551 -0.316962 3.54151 3.53441 3.5273 3.52019
1 1 1 1 1 1 1 1 1
1 1 1 1 1 1 1 1 1


-1 -1 -1 -1 -1 -1 -1 -1 -1
-1 -1 -1 -1 -1 -1 -1 -1 -1
-1 -1 7 7 13 13 1 -1 -1
2.01038 2.03113 12.917 12.9585 12.9066 2.02076 1.02076 1 -1
1.02076 1.08302 2.07264 7.02076 12.9585 12.9585 12.8962 12.8755 1.98962
1.03113 2.03113 7.02076 12.9066 12.8962 12.8962 12.8962 12.8962 12.8755
12.917 12.9585 12.9585 12.9585 12.917 12.917 6.96887 2.02076 1.02076
1.98962 12.8755 12.9066 12.917 12.9585 12.9585 6.97924 2.03113 1.03113
1.03113 6.96887 6.97924 12.9585 12.917 2.03113 2.02076 2.01038 1
-1 -1 -1 -1 7 13 13 13 1
-1 -1 -1 -1 -1 7 7 1 1


Best Personal: 717.681
Actual Value: 673.256

Best Global Iteration n°2: 136.085 at the iteration 2

 Iteracion: 4
Particula N°1 
1 1 1 1 1 1 1 1 1
1 1 1 1 1 1 1 1 1
1 1 1 1 1 1 1 1 1
1 1 1 1 1 1 1 1 1
1 4.19997 2.82856 1.91428 0.314291 -1.2857 -2.19997 -1.05713 1
1 1.91428 4.19997 1 0.77143 0.314291 0.314291 0.542861 -0.371418
-0.371418 0.542861 1.45714 1.45714 0.314291 0.77143 0.314291 0.542861 1
1 -0.599987 1.22857 2.14285 3.9714 3.51427 3.51427 2.59999 1
1 3.51427 2.82856 2.82856 2.14285 0.542861 -0.599987 -0.371418 1
1 1 1 1 1 1 1 1 1
1 1 1 1 1 1 1 1 1


-1 -1 -1 -1 -1 -1 6 0 -1
-1 -1 -1 -1 -1 6 10 14 10
-1 -1 -1 9 9 9 9 0 0
-1 0 0 6 6 10 10 0 0
0 0 6 9 10 14 14 9 0
0 0 0 14 14 14 14 6 6
6 9 9 9 14 14 14 6 0
0 14 10 9 0 0 0 0 0
0 0 6 6 9 9 14 10 0
-1 -1 10 14 10 10 6 6 -1
-1 -1 -1 -1 -1 -1 -1 -1 -1


Best Personal: 646.898
Actual Value: 596.404

Particula N°2 
1 1 1 1 1 1 1 1 1
1 1 1 1 1 1 1 1 1
1 1 1 1 1 1 1 1 1
0.537122 -0.739358 1.8136 1.8136 -1.3776 1.17536 0.537122 2.45184 1
5.0048 3.09008 1.8136 -1.3776 -1.3776 -1.3776 -1.3776 1.17536 1.17536
0.537122 6.28128 1.8136 -1.3776 1.8136 1.8136 3.72832 4.36656 0.537122
5.64304 6.28128 5.64304 1.8136 -1.3776 -1.3776 -1.3776 0.537122 0.537122
6.28128 3.72832 1.8136 1.8136 -1.3776 -1.3776 -1.3776 1.17536 -2.65408
0.537122 -0.739358 -2.65408 -2.65408 -2.01584 1.8136 1.8136 1.8136 3.09008
1 1 1 1 1 1 1 1 1
1 1 1 1 1 1 1 1 1


-1 -1 -1 -1 -1 -1 -1 -1 -1
-1 -1 -1 -1 -1 -1 -1 -1 -1
-1 -1 9 14 9 9 6 -1 -1
1 2.34703 9.65297 9.65297 13.0205 9.32648 9 6.97945 -1
5.28539 7.30594 9.65297 13.0205 13.0205 13.0205 13.0205 9.32648 9.32648
1 3.93836 9.65297 13.0205 9.65297 9.65297 7.63242 4.95891 1
3.61188 3.93836 5.61188 9.65297 13.0205 13.0205 13.0205 9 1
3.93836 7.63242 9.65297 9.65297 13.0205 13.0205 13.0205 9.32648 4.36758
1 2.34703 4.36758 12.3676 12.6941 9.65297 9.65297 9.65297 7.30594
-1 -1 -1 -1 1 1 9 3 1
-1 -1 -1 -1 -1 1 3 14 3


Best Personal: 380.784
Actual Value: 319.218

Particula N°3 
1 1 1 1 1 1 1 1 1
1 1 1 1 1 1 1 1 1
1 1 1 1 1 1 1 1 1
1 1 1 1 1 1 1 1 1
1 1 1 1 1 1 1 1 1
1 1 1 1 1 1 1 1 1
1 1 1 1 1 1 1 1 1
1 1 1 1 1 1 1 1 1
1 1 1 1 1 1 1 1 1
1 1 1 1 1 1 1 1 1
1 1 1 1 1 1 1 1 1


-1 -1 -1 -1 -1 -1 -1 -1 -1
-1 -1 -1 -1 -1 -1 -1 -1 -1
-1 -1 8 10 10 8 8 -1 -1
0 0 10 10 10 9 8 8 -1
9 9 10 10 10 10 10 9 9
0 9 10 10 10 10 10 8 0
8 9 10 10 10 10 10 8 0
9 10 10 10 10 10 10 9 0
0 0 0 8 9 10 10 10 9
-1 -1 -1 -1 8 9 10 10 8
-1 -1 -1 -1 -1 10 10 0 0


Best Personal: 136.085
Actual Value: 133.141

Particula N°4 
1 1 1 1 1 1 1 1 1
1 1 1 1 1 1 1 1 1
1 1 1 1 1 1 1 1 1
-4.71243 -7.25129 -0.904143 -0.904143 1.63471 1 1.63471 1.63471 1
6.71243 6.07771 2.90414 -0.904143 -0.904143 2.90414 2.90414 6.07771 6.07771
1 6.71243 6.71243 6.71243 1.63471 1.63471 2.90414 1.63471 0.365286
6.07771 6.71243 6.71243 -0.904143 1.63471 6.71243 6.71243 6.07771 1
6.71243 2.90414 2.90414 -0.904143 1.63471 1.63471 6.71243 6.71243 1
1 0.365286 0.365286 -2.17357 1 2.90414 2.90414 7.34714 6.71243
1 1 1 1 1 1 1 1 1
1 1 1 1 1 1 1 1 1


-1 -1 -1 -1 -1 -1 -1 -1 -1
-1 -1 -1 -1 -1 -1 -1 -1 -1
-1 -1 0 0 7 13 7 -1 -1
9 13 13 13 9 9 7 7 -1
0 1 7 13 13 7 7 1 1
0 0 1 1 9 9 7 7 1
0 0 1 13 9 1 1 0 0
0 7 7 13 9 9 1 0 0
0 1 1 13 9 7 7 0 0
-1 -1 -1 -1 0 13 13 9 0
-1 -1 -1 -1 -1 0 0 9 13


Best Personal: 504.277
Actual Value: 418.291

Particula N°5 
1 1 1 1 1 1 1 1 1
1 1 1 1 1 1 1 1 1
1 1 1 1 1 1 1 1 1
1 1 1 1 1 1 1 1 1
-1.53976 1.63494 0.365059 -0.269882 -2.80965 -3.44459 -1.53976 -1.53976 0.365059
0.365059 2.90482 7.34941 2.90482 1 -0.904823 -0.904823 -5.34941 -7.25423
-7.25423 -2.80965 -1.53976 -1.53976 -1.53976 0.365059 -0.269882 2.90482 0.365059
-1.53976 -2.80965 -1.53976 0.365059 1 1 1 4.80965 0.365059
0.365059 5.44459 1.63494 1 0.365059 -3.44459 -3.44459 -4.71447 -5.98435
1 1 1 1 1 1 1 1 1
1 1 1 1 1 1 1 1 1


-1 -1 -1 -1 -1 -1 13 13 -1
-1 -1 -1 -1 -1 13 13 11 1
-1 -1 -1 11 13 13 11 4 4
-1 11 11 15 15 15 11 11 1
4 13 15 15 13 11 4 4 1
1 1 4 11 13 14 14 14 13
13 13 15 15 15 14 13 1 1
4 13 15 15 13 11 11 1 1
1 4 13 14 15 14 14 13 11
-1 -1 1 4 4 11 13 4 -1
-1 -1 -1 -1 -1 -1 -1 -1 -1


Best Personal: 279.419
Actual Value: 283.721

Particula N°6 
1 1 1 1 1 1 1 1 1
1 1 1 1 1 1 1 1 1
1 1 1 1 1 1 1 1 1
0.350404 2.94879 6.84636 3.59838 4.24798 3.59838 0.350404 1 1
4.89758 4.24798 3.59838 3.59838 6.84636 2.29919 0.350404 1 1
4.24798 4.24798 4.24798 4.24798 1 2.29919 4.24798 4.24798 3.59838
1 -0.948788 -2.89758 1 1.6496 3.59838 4.24798 0.350404 1
3.59838 4.24798 7.49596 1.6496 1 -1.59838 3.59838 2.94879 2.94879
1 1 1 1 1 1 1 1 1
1 1 1 1 1 1 1 1 1
1 1 1 1 1 1 1 1 1


-1 -1 -1 -1 -1 -1 -1 -1 -1
-1 -1 -1 -1 -1 -1 -1 -1 -1
-1 0 11 7 2 0 0 -1 -1
1 1 2 7 7 2 1 0 -1
0 1 7 7 2 2 1 0 -1
1 2 2 2 11 10 7 1 0
0 7 10 11 11 2 1 1 0
0 1 1 11 11 11 2 1 1
-1 2 2 2 7 7 0 0 0
-1 -1 -1 -1 -1 2 11 11 11
-1 -1 -1 -1 -1 1 7 10 1


Best Personal: 668.029
Actual Value: 527.684

Particula N°7 
1 1 1 1 1 1 1 1 1
1 1 1 1 1 1 1 1 1
1 1 1 1 1 1 1 1 1
-3.22948 0.244999 0.244999 0.824079 2.56132 0.824079 3.1404 3.1404 3.1404
0.824079 4.87764 4.87764 4.87764 -0.91316 -1.49224 -1.49224 0.244999 0.244999
0.824079 0.244999 -0.91316 0.824079 0.824079 3.1404 8.93119 4.29856 4.29856
4.29856 2.56132 4.87764 3.1404 0.824079 -0.91316 -1.49224 4.29856 0.824079
-3.22948 -4.96672 -1.49224 3.1404 0.824079 -0.91316 -1.49224 0.244999 -3.22948
1 1 1 1 1 1 1 1 1
1 1 1 1 1 1 1 1 1
1 1 1 1 1 1 1 1 1


-1 -1 -1 -1 -1 -1 -1 -1 -1
-1 -1 -1 -1 -1 11 11 1 -1
-1 -1 -1 1 8 10 8 8 8
4.57544 7.51078 7.51078 8 9.46767 11 12.9569 12.9569 12.9569
1 11.4246 11.4246 11.4246 9.53233 9.04311 9.04311 7.51078 7.51078
1 7.51078 8.53233 11 11 12.9569 7.84912 3.93534 3.93534
3.93534 9.46767 11.4246 12.9569 11 9.53233 9.04311 3.93534 1
4.57544 6.10777 9.04311 12.9569 11 9.53233 9.04311 7.51078 4.57544
-1 8 10 11 11 10 10 1 1
-1 -1 -1 8 8 11 11 11 10
-1 -1 -1 -1 -1 -1 10 1 -1


Best Personal: 841.671
Actual Value: 748.626

Particula N°8 
1 1 1 1 1 1 1 1 1
1 1 1 1 1 1 1 1 1
1 1 1 1 1 1 1 1 1
-0.416597 1.4722 1.4722 1.9444 2.8888 0.527801 2.4166 4.77759 7.61079
-1.361 5.24979 4.77759 4.77759 -0.888796 -1.361 0.0556018 0.0556018 3.83319
-0.416597 0.0556018 0.0556018 0.527801 0.527801 5.24979 6.19419 2.4166 3.83319
3.83319 4.30539 6.19419 4.77759 0.527801 0.527801 1.4722 2.4166 1
-0.416597 -0.416597 1.4722 5.24979 3.361 1.4722 1.4722 1.4722 1
1 1 1 1 1 1 1 1 1
1 1 1 1 1 1 1 1 1
1 1 1 1 1 1 1 1 1


-1 -1 -1 -1 -1 -1 -1 -1 -1
-1 -1 -1 -1 -1 0 0 5 -1
-1 -1 -1 0 8 11 11 3 0
3 5 5 5 6 11 11 6 0
5 5 6 6 11 11 8 8 0
3 8 8 11 11 5 3 3 0
0 3 3 6 11 8 5 3 0
3 3 5 5 5 6 5 5 0
-1 6 6 11 6 5 3 0 0
-1 -1 -1 0 5 5 6 8 0
-1 -1 -1 -1 -1 -1 5 11 -1


Best Personal: 374.004
Actual Value: 296.547

Particula N°9 
1 1 1 1 1 1 1 1 1
1 1 1 1 1 1 1 1 1
1 1 1 1 1 1 1 1 1
1 1 1 1 1 1 1 1 1
10.9097 13.975 12.6896 3.52275 -0.0107957 2.2363 2.87903 9.30438 9.94612
9.94612 12.8369 4.48438 4.16351 2.87903 2.23827 2.23827 8.01891 9.94612
10.9097 4.48339 3.52078 5.12711 5.76984 4.16548 8.02187 13.975 11.8733
9.94612 10.9097 9.62623 11.5534 7.05827 3.20188 5.12613 10.268 1
9.94612 12.8369 10.9097 7.69705 6.09269 3.52275 4.80427 11.8733 1
1 1 1 1 1 1 1 1 1
1 1 1 1 1 1 1 1 1


-1 -1 -1 -1 -1 -1 -1 -1 -1
-1 -1 -1 -1 -1 -1 -1 3 1
-1 -1 -1 -1 -1 1 1 10 11
-1 1 1 1 11 9 9 3 3
5.85274 7.79384 8.82329 11.4558 10.5147 10 9.48527 5.36747 5.36747
5.36747 6.82329 11.9705 11.9705 10.4853 9.97055 9.97055 6.39692 5.36747
5.85274 10.4853 11.4853 11.4558 10.9411 10.9411 7.85274 7.79384 6.33801
5.36747 5.85274 7.85274 8.82329 7.36747 10.4558 9.97055 5.85274 -1
5.36747 6.82329 7.85274 11.9116 11.9116 11.4558 11.4853 6.33801 -1
-1 1 1 3 10 10 1 -1 -1
-1 -1 -1 -1 -1 -1 -1 -1 -1


Best Personal: 490.773
Actual Value: 259.599

Particula N°10 
1 1 1 1 1 1 1 1 1
1 1 1 1 1 1 1 1 1
1 1 1 1 1 1 1 1 1
1 1 1 1 1 1 1 1 1
1 4.4133 4.4133 2.5515 -0.861801 1.6206 1 1 1
1 -0.2412 1.3103 2.8618 2.5515 1.9309 3.4824 1.3103 0.3794
1 2.5515 3.4824 1.9309 1.9309 4.103 3.7927 2.2412 1
1 2.5515 1.9309 2.8618 1 0.3794 0.3794 0.6897 1
0.3794 3.4824 4.4133 1.3103 1.3103 -0.861801 -0.861801 -1.7927 -1.4824
1 1 1 1 1 1 1 1 1
1 1 1 1 1 1 1 1 1


-1 -1 -1 -1 -1 -1 0 13 -1
-1 -1 -1 -1 -1 0 13 8 3
-1 -1 -1 0 2 3 13 8 0
-1 2 2 13 13 3 2 0 0
0 3 3 8 13 2 0 0 0
0 8 13 8 8 8 3 3 2
0 2 3 8 8 3 2 0 0
0 2 8 8 13 13 13 8 0
2 3 3 13 13 13 13 13 8
-1 -1 0 2 3 8 8 0 -1
-1 -1 -1 -1 -1 -1 -1 -1 -1


Best Personal: 673.256
Actual Value: 591.69

Best Global Iteration n°3: 133.141 at the iteration 3

 Iteracion: 5
Particula N°1 
1 1 1 1 1 1 1 1 1
1 1 1 1 1 1 1 1 1
1 1 1 1 1 1 1 1 1
-0.463566 3.19535 -3.3907 -2.65892 0.268217 3.19535 9.7814 9.7814 11.245
1 9.7814 9.04961 2.46357 -2.65892 -2.65892 3.19535 3.19535 3.92713
-4.12248 0.268217 -2.65892 -0.463566 3.19535 9.04961 9.7814 3.92713 5.3907
-2.65892 -0.463566 2.46357 2.46357 0.268217 1 3.19535 3.19535 -0.463566
1 -7.04961 -3.3907 2.46357 -0.463566 3.92713 3.92713 5.3907 1
1 1 1 1 1 1 1 1 1
1 1 1 1 1 1 1 1 1
1 1 1 1 1 1 1 1 1


-1 -1 -1 -1 -1 -1 -1 -1 -1
-1 -1 -1 -1 -1 0 2 2 -1
-1 -1 -1 0 0 7 7 12 0
2 3 12 12 11 7 2 2 0
0 2 3 12 12 11 3 3 2
7 7 11 12 7 3 2 2 0
11 12 12 12 11 7 3 3 2
0 11 12 12 12 3 2 0 0
-1 2 7 11 12 12 7 3 2
-1 -1 -1 3 7 12 7 2 2
-1 -1 -1 -1 -1 -1 0 2 -1


Best Personal: 596.404
Actual Value: 497.019

Particula N°2 
1 1 1 1 1 1 1 1 1
1 1 1 1 1 1 1 1 1
1 1 1 1 1 1 1 1 1
1 1 1 1 1 1 1 1 1
9.51887 11.2909 11.2909 2.93253 -0.0796605 3.47052 3.47052 9.93699 10.965
10.965 12.5071 5.50262 4.9886 3.96057 1.90449 3.86466 8.46686 10.965
11.9691 9.47092 7.43882 7.4628 6.48271 2.93253 4.8927 11.2909 12.9732
8.51481 8.53879 7.4628 8.49083 1.92846 1.92846 8.49083 10.9411 1
8.51481 10.5469 7.5587 7.51075 6.90083 4.8927 9.4949 11.503 1
1 1 1 1 1 1 1 1 1
1 1 1 1 1 1 1 1 1


-1 -1 -1 -1 -1 -1 -1 -1 -1
-1 -1 -1 -1 -1 -1 -1 5 5
-1 -1 -1 -1 -1 3 9 11 3
-1 0 9 11 11 9 5 5 0
5 7 7 11 11 9 9 0 0
0 3 11 11 9 9 5 3 0
0 3 5 7 9 11 7 7 0
5 7 7 9 11 11 5 0 -1
5 7 11 11 7 7 5 3 -1
-1 3 5 11 11 9 0 -1 -1
-1 -1 -1 -1 -1 -1 -1 -1 -1


Best Personal: 319.218
Actual Value: 187.563

Particula N°3 
1 1 1 1 1 1 1 1 1
1 1 1 1 1 1 1 1 1
1 1 1 1 1 1 1 1 1
1 1 1 1 1 1 1 1 1
8.20184 11.3036 9.75274 1.22278 -1.10357 2.77368 2.77368 5.87549 7.42639
7.42639 9.75274 5.10004 4.32458 2.77368 -0.328122 -0.328122 5.87549 7.42639
8.20184 6.65094 4.32458 5.10004 5.10004 1.22278 1.22278 9.75274 8.97729
7.42639 8.20184 5.10004 6.65094 0.447329 0.447329 6.65094 6.65094 1
7.42639 9.75274 8.20184 6.65094 2.77368 1.22278 7.42639 8.97729 1
1 1 1 1 1 1 1 1 1
1 1 1 1 1 1 1 1 1


-1 -1 -1 -1 -1 -1 -1 -1 -1
-1 -1 -1 -1 -1 -1 -1 3 3
-1 -1 -1 -1 -1 10 9 5 5
-1 3 9 10 14 10 9 3 3
22.3839 28 28 14.9436 8.79681 14.0414 14.0414 18.2371 20.335
20.335 26.4818 20.1882 19.1393 15.0414 10.8457 10.8457 18.2371 20.335
22.3839 20.2861 18.1393 20.1882 20.1882 14.9436 14.9436 28 24.4328
20.335 22.3839 20.1882 24.2861 12.8947 12.8947 20.2861 20.2861 -1
20.335 26.4818 24.3839 24.2861 19.0414 14.9436 22.335 24.4328 -1
-1 10 14 14 14 5 5 -1 -1
-1 -1 -1 -1 -1 -1 -1 -1 -1


Best Personal: 133.141
Actual Value: 126.891

Particula N°4 
1 1 1 1 1 1 1 1 1
1 1 1 1 1 1 1 1 1
1 1 1 1 1 1 1 1 1
1 1.03391 0.728733 0.932183 1.16954 1.16954 1.37299 1.47472 1.47472
0.898275 1.30518 1.16954 1.16954 0.762641 0.728733 0.864366 0.864366 1.20345
1 0.898275 0.864366 0.864366 0.864366 1.30518 1.30518 1.20345 1.20345
1.20345 1.33908 1.37299 1.13563 1 0.762641 0.864366 1.10173 1
1 0.898275 1.03391 1.16954 1.03391 0.762641 0.728733 0.728733 0.830458
1 1 1 1 1 1 1 1 1
1 1 1 1 1 1 1 1 1
1 1 1 1 1 1 1 1 1


-1 -1 -1 -1 -1 -1 -1 -1 -1
-1 -1 -1 -1 -1 5 14 14 -1
-1 -1 -1 9 9 10 3 3 3
0 5 14 9 5 5 3 0 0
3 5 9 9 14 14 10 10 0
0 9 10 14 14 5 5 0 0
0 0 3 10 10 14 10 3 0
0 3 5 9 9 14 14 14 5
-1 0 9 9 14 9 5 3 0
-1 -1 -1 14 10 10 9 5 5
-1 -1 -1 -1 -1 -1 0 5 -1


Best Personal: 418.291
Actual Value: 394.325

Particula N°5 
1 1 1 1 1 1 1 1 1
1 1 1 1 1 1 1 1 1
1 1 1 1 1 1 1 1 1
1 2.39859 1 1 1 -3.19577 -3.19577 -3.19577 1
5.19577 -3.19577 -1.09789 0.300705 1 -0.39859 -3.19577 1 1
5.19577 1.6993 -1.79718 -3.89507 0.300705 1 5.19577 3.79718 3.79718
1 2.39859 -0.39859 4.49648 1.6993 -2.49648 -4.59436 -8.79013 -3.19577
3.79718 5.19577 8.69225 7.99295 -1.09789 -2.49648 -3.19577 -4.59436 -3.89507
1 1 1 1 1 1 1 1 1
1 1 1 1 1 1 1 1 1
1 1 1 1 1 1 1 1 1


-1 -1 -1 -1 -1 -1 -1 -1 -1
-1 -1 -1 -1 -1 -1 -1 -1 -1
-1 0 0 0 6 14 2 -1 -1
0 2 11 11 12 12 6 6 -1
0 12 14 12 11 6 6 0 -1
0 6 11 14 12 12 6 2 0
0 2 6 6 11 11 14 14 6
0 0 0 2 14 12 12 12 11
-1 0 11 11 14 14 12 6 2
-1 -1 -1 -1 -1 12 12 14 6
-1 -1 -1 -1 -1 0 11 11 14


Best Personal: 279.419
Actual Value: 273.458

Particula N°6 
1 1 1 1 1 1 1 1 1
1 1 1 1 1 1 1 1 1
1 1 1 1 1 1 1 1 1
1 0.443323 1.55668 1.44534 1.44534 1.33401 1.22267 2.00202 1
1.44534 1.33401 1.44534 1 1 1.89068 2.22469 2.11335 2.11335
1.11134 2.00202 1.55668 1.55668 1.44534 1 1.55668 1.33401 0.777329
2.00202 2.00202 1.89068 1.55668 1 1.55668 1.89068 1.66801 1.11134
2.11335 1.89068 1 1 1.44534 1.55668 1.55668 1.44534 0.777329
0.443323 0.331987 -0.113355 0.777329 0.888665 1.44534 1.55668 1.89068 2.11335
1 1 1 1 1 1 1 1 1
1 1 1 1 1 1 1 1 1


-1 -1 -1 -1 -1 -1 -1 -1 -1
-1 -1 -1 -1 -1 -1 -1 -1 -1
-1 -1 7 11 6 1 0 -1 -1
1 6 6 7 7 7 7 0 -1
6 7 7 11 11 3 0 0 0
0 1 6 6 7 11 6 6 3
0 1 3 6 11 6 3 3 0
0 3 11 11 7 6 6 6 3
6 7 11 11 11 7 6 3 0
-1 -1 -1 -1 0 11 1 1 0
-1 -1 -1 -1 -1 3 3 6 6


Best Personal: 527.684
Actual Value: 480.755

Particula N°7 
1 1 1 1 1 1 1 1 1
1 1 1 1 1 1 1 1 1
1 1 1 1 1 1 1 1 1
1 1 1 1 1 1 1 1 1
8.08025 10.1316 9.76634 3.90151 0.925781 3.57198 4.66777 6.56558 8.42764
7.33185 7.38546 5.08665 4.70352 3.20672 3.5005 3.86576 6.56558 7.33185
8.08025 6.94871 4.33825 5.08665 5.08665 3.90151 4.9973 10.1316 9.92444
5.87079 5.88866 5.08665 6.58345 2.42258 3.15311 7.31398 7.31398 1
6.96658 9.21178 8.44551 6.58345 4.66777 3.90151 8.06238 9.92444 1
1 1 1 1 1 1 1 1 1
1 1 1 1 1 1 1 1 1


-1 -1 -1 -1 -1 -1 -1 -1 -1
-1 -1 -1 -1 -1 -1 -1 4 7
-1 -1 -1 -1 -1 3 3 7 0
-1 3 3 3 4 4 9 3 0
3 3 4 7 9 7 4 3 0
3 9 9 9 9 4 3 3 3
3 4 9 9 9 7 4 3 0
7 9 9 9 9 7 3 3 -1
4 4 4 9 9 7 3 0 -1
-1 0 3 9 9 4 4 -1 -1
-1 -1 -1 -1 -1 -1 -1 -1 -1


Best Personal: 748.626
Actual Value: 493.606

Particula N°8 
1 1 1 1 1 1 1 1 1
1 1 1 1 1 1 1 1 1
1 1 1 1 1 1 1 1 1
-0.426768 -6.84722 0.286616 2.42677 2.42677 1.71338 7.42046 7.42046 1
8.13384 1.71338 0.286616 0.286616 -1.14015 -1.14015 2.42677 8.13384 8.13384
1.71338 8.13384 2.42677 0.286616 -1.14015 0.286616 2.42677 1 -4.70707
7.42046 8.13384 2.42677 -1.14015 -1.14015 2.42677 6.70707 7.42046 1.71338
8.13384 8.84722 8.84722 2.42677 2.42677 2.42677 0.286616 1.71338 -0.426768
-0.426768 -0.426768 -6.84722 -1.14015 1.71338 2.42677 2.42677 6.70707 8.13384
1 1 1 1 1 1 1 1 1
1 1 1 1 1 1 1 1 1


-1 -1 -1 -1 -1 -1 -1 -1 -1
-1 -1 -1 -1 -1 -1 -1 -1 -1
-1 -1 12 14 12 9 3 -1 -1
3 12 12 9 9 9 0 0 -1
0 9 12 12 14 14 9 0 0
0 0 9 12 14 12 9 9 9
0 0 9 14 14 9 3 0 0
0 0 0 9 9 9 12 9 3
3 3 12 12 9 9 9 3 0
-1 -1 -1 -1 3 9 9 0 0
-1 -1 -1 -1 -1 0 9 9 0


Best Personal: 296.547
Actual Value: 230.6

Particula N°9 
1 1 1 1 1 1 1 1 1
1 1 1 1 1 1 1 1 1
1 1 1 1 1 1 1 1 1
1 1 1 1 1 1 1 1 1
1 2.78773 2.78773 2.43018 -0.0726359 -1.86036 -3.29054 -2.21791 1
-2.21791 -1.14527 2.43018 1 0.642455 -0.0726359 0.642455 -1.86036 1
1 0.284909 -0.0726359 0.642455 1.35755 2.43018 4.933 2.43018 1
1 0.284909 1.71509 2.43018 2.07264 1.71509 1.71509 3.50282 1
1 4.933 6.00563 2.78773 2.78773 -0.0726359 -1.50282 2.43018 1
1 1 1 1 1 1 1 1 1
1 1 1 1 1 1 1 1 1


-1 -1 -1 -1 -1 -1 0 0 -1
-1 -1 -1 -1 -1 0 10 14 10
-1 -1 -1 14 14 14 12 9 0
-1 9 10 14 10 9 9 9 0
0 9 9 9 10 12 12 9 0
9 10 10 14 14 14 12 12 0
0 9 14 12 10 9 0 0 0
0 9 9 10 10 9 9 0 0
0 0 0 9 9 10 14 0 0
-1 -1 9 10 14 14 14 14 -1
-1 -1 -1 -1 -1 -1 -1 -1 -1


Best Personal: 259.599
Actual Value: 237.918

Particula N°10 
1 1 1 1 1 1 1 1 1
1 1 1 1 1 1 1 1 1
1 1 1 1 1 1 1 1 1
1 1 1 1 1 1 1 1 1
0.466978 7.92416 7.92416 3.85661 -3.60057 1.82283 0.466978 0.466978 0.466978
0.466978 -2.24472 1.1449 4.53453 3.85661 2.50075 5.89038 1.1449 -0.888873
0.466978 3.85661 5.89038 2.50075 2.50075 7.24623 6.56831 3.17868 0.466978
0.466978 3.85661 2.50075 4.53453 0.466978 -0.888873 -0.888873 -0.210948 0.466978
-0.888873 5.89038 7.92416 1.1449 1.1449 -3.60057 -3.60057 -5.63435 -4.95643
1 1 1 1 1 1 1 1 1
1 1 1 1 1 1 1 1 1


-1 -1 -1 -1 -1 -1 1 14 -1
-1 -1 -1 -1 -1 1 14 9 4
-1 -1 -1 1 3 4 14 9 1
-1 3 3 14 14 4 3 1 1
1 7.4133 7.4133 10.5515 12.1382 3.6206 1 1 1
1 7.7588 14.3103 10.8618 10.5515 9.9309 6.4824 4.3103 2.3794
1 4.5515 6.4824 9.9309 9.9309 7.103 5.7927 2.2412 1
1 4.5515 9.9309 10.8618 14 13.3794 13.3794 8.6897 1
2.3794 6.4824 7.4133 14.3103 14.3103 12.1382 12.1382 11.2073 6.5176
-1 -1 1 3 4 9 9 1 -1
-1 -1 -1 -1 -1 -1 -1 -1 -1


Best Personal: 591.69
Actual Value: 482.104

Best Global Iteration n°4: 126.891 at the iteration 4

 Iteracion: 6
Particula N°1 
1 1 1 1 1 1 1 1 1
1 1 1 1 1 1 1 1 1
1 1 1 1 1 1 1 1 1
-1.23208 3.09764 -4.69585 -3.82991 -0.366135 3.09764 10.8911 10.8911 12.623
0.499808 10.8911 10.0252 2.23169 -3.82991 -3.82991 3.09764 3.09764 3.96358
-5.56179 -0.366135 -3.82991 -1.23208 3.09764 10.0252 10.8911 3.96358 5.69547
-3.82991 -1.23208 2.23169 2.23169 -0.366135 0.499808 3.09764 3.09764 -1.23208
0.499808 -9.02557 -4.69585 2.23169 -1.23208 3.96358 3.96358 5.69547 0.499808
1 1 1 1 1 1 1 1 1
1 1 1 1 1 1 1 1 1
1 1 1 1 1 1 1 1 1


-1 -1 -1 -1 -1 -1 -1 -1 -1
-1 -1 -1 -1 -1 1 3 3 -1
-1 -1 -1 1 1 8 8 13 1
1.53643 6.19535 8.6093 9.34108 11.2682 10.1953 11.7814 11.7814 11.245
1 11.7814 12.0496 14.4636 9.34108 8.34108 6.19535 6.19535 5.92713
2.87752 7.26822 8.34108 11.5364 10.1953 12.0496 11.7814 5.92713 5.3907
8.34108 11.5364 14.4636 14.4636 11.2682 8 6.19535 6.19535 1.53643
1 3.95039 8.6093 14.4636 11.5364 6.92713 5.92713 5.3907 1
-1 3 8 12 13 13 8 4 3
-1 -1 -1 4 8 13 8 3 3
-1 -1 -1 -1 -1 -1 1 3 -1


Best Personal: 497.019
Actual Value: 448.56

Particula N°2 
1 1 1 1 1 1 1 1 1
1 1 1 1 1 1 1 1 1
1 1 1 1 1 1 1 1 1
1 1 1 1 1 1 1 1 1
10.2188 11.795 11.795 3.04851 -0.247217 3.6961 3.6961 10.673 11.8371
11.8371 13.1557 5.95879 5.37673 4.21262 1.8844 3.95049 9.12345 11.8371
12.8014 10.222 7.95934 8.02487 6.99183 3.04851 5.1146 11.795 13.7534
9.25451 9.18579 8.02487 9.03649 1.94994 1.94994 9.18898 11.7716 1
9.25451 11.0897 8.04891 8.00345 7.31175 5.1146 10.1961 12.2038 1
1 1 1 1 1 1 1 1 1
1 1 1 1 1 1 1 1 1


-1 -1 -1 -1 -1 -1 -1 -1 -1
-1 -1 -1 -1 -1 -1 -1 6 6
-1 -1 -1 -1 -1 4 10 12 4
-1 1 10 12 12 10 6 6 1
14.5189 18.2909 18.2909 13.9325 10.9203 12.4705 12.4705 9.93699 10.965
10.965 15.5071 16.5026 15.9886 12.9606 10.9045 8.86466 11.4669 10.965
11.9691 12.4709 12.4388 14.4628 15.4827 13.9325 11.8927 18.2909 12.9732
13.5148 15.5388 14.4628 17.4908 12.9285 12.9285 13.4908 10.9411 -1
13.5148 17.5469 18.5587 18.5107 13.9008 11.8927 14.4949 14.503 -1
-1 4 6 12 12 10 1 -1 -1
-1 -1 -1 -1 -1 -1 -1 -1 -1


Best Personal: 187.563
Actual Value: 160.908

Particula N°3 
1 1 1 1 1 1 1 1 1
1 1 1 1 1 1 1 1 1
1 1 1 1 1 1 1 1 1
1 1 1 1 1 1 1 1 1
1 1 1 1 1 1 1 1 1
1 1 1 1 1 1 1 1 1
1 1 1 1 1 1 1 1 1
1 1 1 1 1 1 1 1 1
1 1 1 1 1 1 1 1 1
1 1 1 1 1 1 1 1 1
1 1 1 1 1 1 1 1 1


-1 -1 -1 -1 -1 -1 -1 -1 -1
-1 -1 -1 -1 -1 -1 -1 -1 -1
-1 -1 9 11 11 9 9 -1 -1
1 1 11 11 11 10 9 9 -1
10 10 11 11 11 11 11 10 10
1 10 11 11 11 11 11 9 1
9 10 11 11 11 11 11 9 1
10 11 11 11 11 11 11 10 1
1 1 1 9 10 11 11 11 10
-1 -1 -1 -1 9 10 11 11 9
-1 -1 -1 -1 -1 11 11 1 1


Best Personal: 126.891
Actual Value: 133.931

Particula N°4 
1 1 1 1 1 1 1 1 1
1 1 1 1 1 1 1 1 1
1 1 1 1 1 1 1 1 1
1 1 1 1 1 1 1 1 1
0.805653 2.53032 2.75865 2.10765 -4.32214 -4.20798 -3.78531 -3.78531 0.463165
0.463165 -1.52381 1.50286 2.30199 -0.416157 -1.60399 -0.838829 -5.39581 -2.75784
1.83312 6.3901 0.805653 -1.48983 -1.48983 0.463165 0.577328 -5.34961 -7.95359
-3.78531 1.79914 -0.724667 0.463165 -0.416157 0.349003 8.76576 5.02015 0.463165
0.463165 -0.450136 2.53032 1.11416 0.463165 -4.20798 -4.20798 -6.27513 1.60479
1 1 1 1 1 1 1 1 1
1 1 1 1 1 1 1 1 1


-1 -1 -1 -1 -1 -1 15 7 -1
-1 -1 -1 -1 -1 1 15 12 12
-1 -1 -1 12 12 15 15 12 12
-1 7 12 15 15 14 12 1 1
2.30844 12.6542 13.3084 13.3084 14.6729 12 6.34578 6.34578 1.32711
1.32711 5.36444 9.71022 12 14.6729 15 14.3271 14.3271 9.28978
5.25245 5.25245 13.3084 15.3271 15.3271 14.3271 12.6542 8.72889 8.72889
6.34578 9.28978 14.6542 15.3271 14.6729 12 4.59822 1.32711 1.32711
1.32711 9.71022 12.6542 14.3271 15.3271 15 15 14.6729 4.59822
-1 -1 1 1 1 12 12 1 -1
-1 -1 -1 -1 -1 -1 -1 -1 -1


Best Personal: 394.325
Actual Value: 361.957

Particula N°5 
1 1 1 1 1 1 1 1 1
1 1 1 1 1 1 1 1 1
1 1 1 1 1 1 1 1 1
-1.13081 -0.3302 -1.13081 -0.863937 -0.0633318 0.737274 1.80475 2.60535 4.20656
0.470405 2.60535 2.60535 1.00414 -0.863937 -1.13081 -0.3302 -0.3302 -0.3302
0.470405 2.07162 2.07162 1.53788 0.737274 1.00414 1.00414 -0.3302 0.470405
-0.3302 0.737274 1.00414 1.00414 -0.0633318 -0.0633318 -0.3302 -0.3302 -1.13081
0.470405 0.470405 0.470405 1.80475 0.737274 -0.863937 -1.13081 -1.13081 -1.13081
1 1 1 1 1 1 1 1 1
1 1 1 1 1 1 1 1 1
1 1 1 1 1 1 1 1 1


-1 -1 -1 -1 -1 -1 -1 -1 -1
-1 -1 -1 -1 -1 11 11 8 -1
-1 -1 -1 11 11 14 14 14 2
7.96067 10.9775 13.9607 13.9663 13.9831 11 11.0225 8.03933 2.07304
1.99438 8.03933 8.03933 14.0056 13.9663 13.9607 10.9775 10.9775 10.9775
1.99438 2.02809 2.02809 8.01686 11 14.0056 14.0056 10.9775 7.99438
10.9775 11 14.0056 14.0056 13.9831 10.9831 10.9775 10.9775 7.96067
1.99438 1.99438 7.99438 11.0225 11 13.9663 13.9607 13.9607 7.96067
-1 2 2 8 11 14 14 14 8
-1 -1 -1 2 11 14 14 8 8
-1 -1 -1 -1 -1 -1 11 11 -1


Best Personal: 273.458
Actual Value: 248.255

Particula N°6 
1 1 1 1 1 1 1 1 1
1 1 1 1 1 1 1 1 1
1 1 1 1 1 1 1 1 1
-0.467265 2.9798 8.15039 3.84156 4.70333 3.84156 -0.467265 0.3945 1
5.56509 4.70333 3.84156 3.84156 8.15039 2.11803 -0.467265 0.3945 1
4.70333 4.70333 4.70333 4.70333 0.3945 2.11803 4.70333 4.70333 3.84156
0.3945 -2.1908 -4.77609 0.3945 1.25627 3.84156 4.70333 -0.467265 0.3945
3.84156 4.70333 9.01216 1.25627 0.3945 -3.05256 3.84156 2.9798 2.9798
1 1 1 1 1 1 1 1 1
1 1 1 1 1 1 1 1 1
1 1 1 1 1 1 1 1 1


-1 -1 -1 -1 -1 -1 -1 -1 -1
-1 -1 -1 -1 -1 -1 -1 -1 -1
-1 1 12 8 3 1 1 -1 -1
1.3504 3.94879 8.84636 10.5984 11.248 5.59838 1.3504 1 -1
4.89758 5.24798 10.5984 10.5984 8.84636 4.29919 1.3504 1 -1
5.24798 6.24798 6.24798 6.24798 12 12.2992 11.248 5.24798 3.59838
1 6.05121 7.10242 12 12.6496 5.59838 5.24798 1.3504 1
3.59838 5.24798 8.49596 12.6496 12 9.40162 5.59838 3.94879 3.94879
-1 3 3 3 8 8 1 1 1
-1 -1 -1 -1 -1 3 12 12 12
-1 -1 -1 -1 -1 2 8 11 2


Best Personal: 480.755
Actual Value: 378.697

Particula N°7 
1 1 1 1 1 1 1 1 1
1 1 1 1 1 1 1 1 1
1 1 1 1 1 1 1 1 1
-3.58557 -0.219509 -0.219509 0.341501 2.02453 0.341501 2.58554 2.58554 2.58554
0.341501 4.26857 4.26857 4.26857 -1.34153 -1.90254 -1.90254 -0.219509 -0.219509
0.341501 -0.219509 -1.34153 0.341501 0.341501 2.58554 8.19563 3.70756 3.70756
3.70756 2.02453 4.26857 2.58554 0.341501 -1.34153 -1.90254 3.70756 0.341501
-3.58557 -5.26859 -1.90254 2.58554 0.341501 -1.34153 -1.90254 -0.219509 -3.58557
1 1 1 1 1 1 1 1 1
1 1 1 1 1 1 1 1 1
1 1 1 1 1 1 1 1 1


-1 -1 -1 -1 -1 -1 -1 -1 -1
-1 -1 -1 -1 -1 12 12 2 -1
-1 -1 -1 2 9 11 9 9 9
1.34596 7.75578 7.75578 8.82408 12.029 11.8241 16.0973 16.0973 16.0973
1.82408 16.3022 16.3022 16.3022 8.61917 7.55087 7.55087 7.75578 7.75578
1.82408 7.75578 7.61917 11.8241 11.8241 16.0973 16.7803 8.2339 8.2339
8.2339 12.029 16.3022 16.0973 11.8241 8.61917 7.55087 8.2339 1.82408
1.34596 1.14105 7.55087 16.0973 11.8241 8.61917 7.55087 7.75578 1.34596
-1 9 11 12 12 11 11 2 2
-1 -1 -1 9 9 12 12 12 11
-1 -1 -1 -1 -1 -1 11 2 -1


Best Personal: 493.606
Actual Value: 451.761

Particula N°8 
1 1 1 1 1 1 1 1 1
1 1 1 1 1 1 1 1 1
1 1 1 1 1 1 1 1 1
1 1 1 1 1 1 1 1 1
-0.188221 4.77542 4.77542 3.35723 -4.44277 -6.57004 -5.15186 -5.15186 -0.188221
-0.188221 -6.57004 0.52087 0.52087 -0.188221 1.93905 7.61178 3.35723 0.52087
0.52087 4.77542 2.64814 1.93905 -1.6064 -0.188221 -1.6064 3.35723 0.52087
0.52087 -0.897312 -0.897312 1.22996 3.35723 1.93905 2.64814 -0.188221 -0.188221
-5.15186 2.64814 0.52087 1.22996 4.06632 -0.897312 -0.897312 -2.31549 -0.188221
1 1 1 1 1 1 1 1 1
1 1 1 1 1 1 1 1 1


-1 -1 -1 -1 -1 -1 14 15 -1
-1 -1 -1 -1 -1 1 14 14 10
-1 -1 -1 1 2 2 14 15 14
-1 2 9 14 14 15 14 14 1
1.55851 11.649 11.649 11.766 11.9095 10.5851 5.46805 5.46805 1.55851
1.55851 10.5851 15 15 14.5585 10.883 6.41494 2.76598 1
1 4.64896 10.3245 10.883 13.6755 14.5585 13.6755 2.76598 1
1 9.11701 13.117 14.4415 11.766 10.883 10.3245 8.55851 1.55851
5.46805 10.3245 15 14.4415 12.2075 9.11701 9.11701 7.23402 1.55851
-1 -1 15 14 14 10 10 9 -1
-1 -1 -1 -1 -1 -1 -1 -1 -1


Best Personal: 230.6
Actual Value: 222.244

Particula N°9 
1 1 1 1 1 1 1 1 1
1 1 1 1 1 1 1 1 1
1 1 1 1 1 1 1 1 1
1 1 1 1 1 1 1 1 1
13.0528 15.1633 13.9267 3.74927 -0.546806 3.1095 3.72782 11.1048 12.32
12.32 14.4274 6.16893 5.56133 3.72782 1.91575 1.91575 9.86813 12.32
13.0528 6.7658 4.94301 6.78725 7.40557 4.36759 8.07751 15.1633 13.7401
12.32 13.0528 11.1155 13.0072 6.85159 3.14167 7.38412 12.3307 1
12.32 14.4274 12.6714 9.29731 6.81942 3.74927 7.0375 13.7401 1
1 1 1 1 1 1 1 1 1
1 1 1 1 1 1 1 1 1


-1 -1 -1 -1 -1 -1 -1 -1 -1
-1 -1 -1 -1 -1 -1 -1 4 2
-1 -1 -1 -1 -1 2 2 11 12
-1 2 2 2 12 10 10 4 4
16.7625 21.7689 21.5128 14.9786 10.5039 12.2363 12.3643 14.6718 15.3136
15.3136 19.6602 16.4549 16.1341 13.3643 12.2088 12.2088 14.4158 15.3136
16.7625 14.9687 15.006 16.5829 16.7109 15.1066 15.8746 21.7689 18.2113
15.3136 16.7625 17.479 20.3767 14.4257 13.6577 15.0967 16.1207 -1
15.3136 19.6602 18.7625 19.6087 18.0043 14.9786 16.2895 18.2113 -1
-1 2 2 4 11 11 2 -1 -1
-1 -1 -1 -1 -1 -1 -1 -1 -1


Best Personal: 237.918
Actual Value: 151.79

Particula N°10 
1 1 1 1 1 1 1 1 1
1 1 1 1 1 1 1 1 1
1 1 1 1 1 1 1 1 1
-1.82893 0.265506 0.0233488 0.515685 2.61012 2.23485 4.20419 5.06378 4.93067
0.507664 8.1509 5.6812 1.49234 -1.95402 0.0233488 0.265506 1.50036 1.50036
0.507664 -3.94742 -3.94742 -1.22754 1.61743 3.96204 5.81431 1.50036 1.74251
2.11778 2.23485 4.57946 3.96204 -0.477008 0.757842 2.11778 4.58748 1.2582
-1.96204 -1.96204 1.12509 4.20419 1.61743 1.13311 1.87562 1.87562 -1.82893
1 1 1 1 1 1 1 1 1
1 1 1 1 1 1 1 1 1
1 1 1 1 1 1 1 1 1


-1 -1 -1 -1 -1 -1 -1 -1 -1
-1 -1 -1 -1 -1 9 13 1 -1
-1 -1 -1 9 9 9 8 6 1
6.2464 8.4928 9.98561 9.98561 9.23201 8.4928 8.4928 6.2464 4.01439
1 2.47841 5.4928 13 13 9.98561 8.4928 6.98561 6.98561
1 10.0432 10.0432 11.5216 9.2464 9.98561 7.72481 6.98561 5.4928
6.23201 8.4928 9.23201 9.98561 13 8.4928 6.23201 3.21761 2.47841
4.01439 4.01439 6.2464 8.4928 9.2464 9.23201 7.72481 7.72481 6.2464
-1 1 1 5 6 8 5 1 1
-1 -1 -1 8 13 9 9 6 5
-1 -1 -1 -1 -1 -1 6 9 -1


Best Personal: 482.104
Actual Value: 399.406

Best Global Iteration n°5: 126.891 at the iteration 4

 Iteracion: 7
Particula N°1 
1 1 1 1 1 1 1 1 1
1 1 1 1 1 1 1 1 1
1 1 1 1 1 1 1 1 1
-1.29266 2.44217 -4.28052 -3.53356 -0.545695 2.44217 9.16486 9.16486 10.6588
0.201271 9.16486 8.41789 1.6952 -3.53356 -3.53356 2.44217 2.44217 3.18913
-5.56179 -0.545695 -3.53356 -1.29266 2.44217 8.41789 9.16486 3.18913 4.68307
-3.53356 -1.29266 1.6952 1.6952 -0.545695 0.201271 2.44217 2.44217 -1.29266
0.201271 -9.02557 -4.28052 1.6952 -1.29266 3.18913 3.18913 4.68307 0.201271
1 1 1 1 1 1 1 1 1
1 1 1 1 1 1 1 1 1
1 1 1 1 1 1 1 1 1


-1 -1 -1 -1 -1 -1 -1 -1 -1
-1 -1 -1 -1 -1 2 4 4 -1
-1 -1 -1 2 2 9 9 14 2
0.304355 9.29299 3.91345 5.51118 10.9021 13.293 22.6725 22.6725 23.868
1.49981 22.6725 22.0748 16.6953 5.51118 4.51118 9.29299 9.29299 9.89071
0 6.90208 4.51118 10.3044 13.293 22.0748 22.6725 9.89071 11.0862
4.51118 10.3044 16.6953 16.6953 10.9021 8.49981 9.29299 9.29299 0.304355
1.49981 0 3.91345 16.6953 10.3044 10.8907 9.89071 11.0862 1.49981
-1 4 9 13 14 14 9 5 4
-1 -1 -1 5 9 14 9 4 4
-1 -1 -1 -1 -1 -1 2 4 -1


Best Personal: 448.56
Actual Value: 454.649

Particula N°2 
1 1 1 1 1 1 1 1 1
1 1 1 1 1 1 1 1 1
1 1 1 1 1 1 1 1 1
0.42117 -0.157661 1.86825 1 0.710585 -1.02591 -2.18357 -1.31532 1
0.42117 -0.447076 0.42117 0.42117 0.42117 -1.02591 -1.31532 0.42117 1
2.73649 3.02591 0.710585 0.710585 0.42117 1.28942 2.15766 2.15766 2.15766
0.42117 -0.157661 -1.60474 0.42117 0.710585 -1.02591 -0.447076 1 1
2.15766 -0.447076 1 0.710585 0.42117 -0.736491 2.15766 1.57883 1.57883
1 1 1 1 1 1 1 1 1
1 1 1 1 1 1 1 1 1
1 1 1 1 1 1 1 1 1


-1 -1 -1 -1 -1 -1 -1 -1 -1
-1 -1 -1 -1 -1 -1 -1 -1 -1
-1 2 11 11 13 13 0 -1 -1
2 8 8 11 13 13 11 8 -1
8 11 13 13 13 11 8 2 -1
0 0 8 8 13 11 8 2 0
2 8 13 13 13 13 11 0 0
0 11 11 13 13 13 2 2 2
-1 0 8 13 13 13 13 2 2
-1 -1 -1 -1 -1 0 13 13 8
-1 -1 -1 -1 -1 0 11 2 2


Best Personal: 160.908
Actual Value: 152.858

Particula N°3 
1 1 1 1 1 1 1 1 1
1 1 1 1 1 1 1 1 1
1 1 1 1 1 1 1 1 1
1 1 1 1 1 1 1 1 1
1 1 1 1 1 1 1 1 1
1 1 1 1 1 1 1 1 1
1 1 1 1 1 1 1 1 1
1 1 1 1 1 1 1 1 1
1 1 1 1 1 1 1 1 1
1 1 1 1 1 1 1 1 1
1 1 1 1 1 1 1 1 1


-1 -1 -1 -1 -1 -1 -1 -1 -1
-1 -1 -1 -1 -1 0 10 7 -1
-1 -1 -1 6 14 14 14 14 7
0 6 6 7 10 10 14 14 14
0 14 14 14 7 6 6 6 6
0 6 6 10 10 14 14 6 6
6 10 14 14 10 7 6 6 0
0 0 6 14 10 7 6 6 0
-1 6 6 6 10 14 10 6 6
-1 -1 -1 6 6 7 6 6 0
-1 -1 -1 -1 -1 -1 10 7 -1


Best Personal: 126.891
Actual Value: 146.236

Particula N°4 
1 1 1 1 1 1 1 1 1
1 1 1 1 1 1 1 1 1
1 1 1 1 1 1 1 1 1
-0.52136 2.13739 0.861537 -0.52136 0.170088 -3.65747 -6.42326 -0.891673 1
3.3062 3.94847 1.02211 0.223611 0.861537 2.35148 -0.200224 0.170088 1
3.99764 -1.95778 -2.38162 -2.9125 -0.467838 1.55299 6.76344 2.72179 2.03034
0.170088 2.13739 -3.87156 -0.788974 0.116566 -3.01954 -2.85897 -5.99508 0.491224
1.3389 -4.29974 -1.11011 0.32631 0.330656 -1.63664 3.25702 3.36406 3.31054
1 1 1 1 1 1 1 1 1
1 1 1 1 1 1 1 1 1
1 1 1 1 1 1 1 1 1


-1 -1 -1 -1 -1 -1 -1 -1 -1
-1 -1 -1 -1 -1 -1 -1 -1 -1
-1 2 3 12 12 12 2 -1 -1
1.44052 4.55948 12.4557 12.4405 13.4481 10.1367 4.10641 4.16704 -1
4.7519 10.2201 13.8227 12.9038 12.4557 6.38221 4.17462 1.4481 -1
4.75948 7.96968 10.2405 11.6 12.8962 13.4633 10.7898 5.65569 3.64811
1.4481 4.55948 6.31399 10.1621 12.9924 9.68862 11.0557 7.75187 4.1822
3.64053 4.66853 7.42801 8.89885 13.8152 10.7038 10.2125 9.12388 8.6682
-1 13 13 14 14 14 12 12 3
-1 -1 -1 -1 -1 14 4 4 2
-1 -1 -1 -1 -1 3 4 14 14


Best Personal: 361.957
Actual Value: 369.2

Particula N°5 
1 1 1 1 1 1 1 1 1
1 1 1 1 1 1 1 1 1
1 1 1 1 1 1 1 1 1
-1.6168 -0.660889 -1.6168 -1.29816 -0.342253 0.613655 1.8882 2.84411 4.75592
0.295019 2.84411 2.84411 0.932291 -1.29816 -1.6168 -0.660889 -0.660889 -0.660889
0.295019 2.20684 2.20684 1.56956 0.613655 0.932291 0.932291 -0.660889 0.295019
-0.660889 0.613655 0.932291 0.932291 -0.342253 -0.342253 -0.660889 -0.660889 -1.6168
0.295019 0.295019 0.295019 1.8882 0.613655 -1.29816 -1.6168 -1.6168 -1.6168
1 1 1 1 1 1 1 1 1
1 1 1 1 1 1 1 1 1
1 1 1 1 1 1 1 1 1


-1 -1 -1 -1 -1 -1 -1 -1 -1
-1 -1 -1 -1 -1 12 12 9 -1
-1 -1 -1 12 12 15 15 15 3
6.82987 10.6473 12.8299 13.1024 13.9198 11.7373 12.8272 10.6447 6.2796
2.46479 10.6447 10.6447 15.0098 13.1024 12.8299 10.6473 10.6473 10.6473
2.46479 4.09971 4.09971 9.55473 11.7373 15.0098 15.0098 10.6473 8.46479
10.6473 11.7373 15.0098 15.0098 13.9198 10.9198 10.6473 10.6473 6.82987
2.46479 2.46479 8.46479 12.8272 11.7373 13.1024 12.8299 12.8299 6.82987
-1 3 3 9 12 15 15 15 9
-1 -1 -1 3 12 15 15 9 9
-1 -1 -1 -1 -1 -1 12 12 -1


Best Personal: 248.255
Actual Value: 233.454

Particula N°6 
1 1 1 1 1 1 1 1 1
1 1 1 1 1 1 1 1 1
1 1 1 1 1 1 1 1 1
0.251236 -3.63244 4.13491 3.35818 3.35818 2.58144 1.80471 7.24186 1
3.35818 2.58144 3.35818 0.251236 0.251236 6.46512 8.79533 8.01859 8.01859
1.02797 7.24186 4.13491 4.13491 3.35818 0.251236 4.13491 2.58144 -1.30224
7.24186 7.24186 6.46512 4.13491 0.251236 4.13491 6.46512 4.91165 1.02797
8.01859 6.46512 0.251236 0.251236 3.35818 4.13491 4.13491 3.35818 -1.30224
-3.63244 -4.40918 -7.51612 -1.30224 -0.5255 3.35818 4.13491 6.46512 8.01859
1 1 1 1 1 1 1 1 1
1 1 1 1 1 1 1 1 1


-1 -1 -1 -1 -1 -1 -1 -1 -1
-1 -1 -1 -1 -1 -1 -1 -1 -1
-1 -1 8 12 7 2 1 -1 -1
2 6.44332 7.55668 8.44534 8.44534 8.33401 8.22267 2.00202 -1
7.44534 8.33401 8.44534 12 12 4.89068 2.22469 2.11335 2.11335
1.11134 3.00202 7.55668 7.55668 8.44534 12 7.55668 7.33401 3.77733
2.00202 3.00202 4.89068 7.55668 12 7.55668 4.89068 4.66801 1.11134
2.11335 4.89068 12 12 8.44534 7.55668 7.55668 7.44534 3.77733
6.44332 7.33199 10.8866 11.7773 11.8887 8.44534 7.55668 4.89068 2.11335
-1 -1 -1 -1 1 12 2 2 1
-1 -1 -1 -1 -1 4 4 7 7


Best Personal: 378.697
Actual Value: 270.587

Particula N°7 
1 1 1 1 1 1 1 1 1
1 1 1 1 1 1 1 1 1
1 1 1 1 1 1 1 1 1
1.38182 1.76364 4.74643 -1.82776 -2.7823 -3.40671 6.37705 5.99523 1
7.00146 7.3316 -1.82776 -1.82776 -1.82776 5.51006 4.36461 6.61964 6.61964
1.57273 4.12202 -1.82776 -2.7823 -2.97321 -2.97321 6.81055 5.56174 1
6.75887 7.3316 7.956 5.51006 -2.59139 -2.59139 -2.7823 6.56796 1.38182
6.61964 6.42873 4.55552 -2.59139 5.51006 7.956 8.00768 7.38327 1.57273
1.57273 -1.68853 -1.49762 4.26125 -3.2158 -2.59139 4.55552 7.62586 6.61964
1 1 1 1 1 1 1 1 1
1 1 1 1 1 1 1 1 1


-1 -1 -1 -1 -1 -1 -1 -1 -1
-1 -1 -1 -1 -1 -1 -1 -1 -1
-1 -1 1 1 2 14 1 -1 -1
2.01657 3.03313 5 11.4586 8.91717 8.91717 2.01657 1 -1
2.01657 5.55798 11.4586 11.4586 11.4586 7.03313 3.98343 1 1
2.52485 5 11.4586 8.91717 8.40889 8.40889 2.50828 2.50828 1
3.03313 5.55798 5.55798 7.03313 9.42546 9.42546 8.91717 2.52485 2.01657
1 1.49172 4.49172 9.42546 7.03313 5.55798 3.03313 3.03313 2.52485
2.52485 4.49172 5 7.03313 9.42546 9.42546 4.49172 2.01657 1
-1 -1 -1 -1 2 14 5 2 1
-1 -1 -1 -1 -1 14 14 14 5


Best Personal: 451.761
Actual Value: 367.813

Particula N°8 
1 1 1 1 1 1 1 1 1
1 1 1 1 1 1 1 1 1
1 1 1 1 1 1 1 1 1
1 1 1 1 1 1 1 1 1
15.2259 15.7338 14.9829 5.84279 -0.576337 2.1118 2.1118 10.4203 14.95
17.9539 9.47207 11.5348 11.8984 8.1196 3.56597 4.31695 15.6771 17.9539
15.2259 13.8116 11.1474 10.7838 10.7838 5.09181 2.08791 9.72603 15.3529
17.9539 18.2298 11.5348 9.72603 0.198526 3.20243 14.5626 17.5665 1
17.9539 12.476 9.47207 9.72603 8.87058 5.09181 13.1 13.1 1
1 1 1 1 1 1 1 1 1
1 1 1 1 1 1 1 1 1


-1 -1 -1 -1 -1 -1 -1 -1 -1
-1 -1 -1 -1 -1 -1 -1 9 9
-1 -1 -1 -1 -1 10 14 10 10
-1 7 7 9 14 10 7 6 2
11.5926 15.7889 15.7398 13.5435 10.3472 10.1509 10.1509 10.3963 10.5435
10.7398 13.2981 13.5435 13.6417 11.5435 11.5435 11.5926 10.7398 10.7398
11.5926 11.5435 12.5926 13.4944 13.4944 13.4944 13.2981 15.3963 12.6417
10.7398 11.7889 13.5435 15.3963 12.2491 12.4454 11.5926 11.7889 -1
10.7398 13.4944 13.2981 15.3963 15.5926 13.4944 12.4944 12.4944 -1
-1 7 9 9 10 14 9 -1 -1
-1 -1 -1 -1 -1 -1 -1 -1 -1


Best Personal: 222.244
Actual Value: 137.87

Particula N°9 
1 1 1 1 1 1 1 1 1
1 1 1 1 1 1 1 1 1
1 1 1 1 1 1 1 1 1
0.530256 2.27528 7.78005 7.78005 2.94686 -3.09374 -7.92694 0.933923 1
3.34872 4.96159 3.14869 -0.745022 -1.08081 -2.82583 -4.70481 -0.275277 1
1.73765 3.4166 5.09554 1.26971 -0.745022 -0.275277 7.37639 3.21477 2.40923
0.530256 2.27528 2.00737 5.29558 2.61107 -0.207399 -2.42217 -2.0185 0.933923
-0.00736664 -3.90108 -1.55236 -3.63317 -0.0734438 0.598134 6.57265 5.63317 6.10291
1 1 1 1 1 1 1 1 1
1 1 1 1 1 1 1 1 1
1 1 1 1 1 1 1 1 1


-1 -1 -1 -1 -1 -1 -1 -1 -1
-1 -1 -1 -1 -1 -1 -1 -1 -1
-1 1 2 4 14 4 2 -1 -1
1 2.63326 8.69932 8.69932 11.8998 13.3667 9.56719 5.53303 -1
1 9.69932 13.1663 13.3667 12.7335 8.10023 8.10023 1.36674 -1
1.73348 5.89977 9.06607 13.1663 13.3667 13.3667 5.16629 2.63326 1
1 2.63326 5.89977 5.89977 11.2665 11.2665 14.6333 13.1663 5.53303
2.10023 4.30068 4.30068 7.03416 14.6333 11.8998 8.96584 8.96584 7.96584
-1 2 3 10 14 10 10 2 1
-1 -1 -1 -1 -1 14 14 4 3
-1 -1 -1 -1 -1 3 4 4 3


Best Personal: 151.79
Actual Value: 143.338

Particula N°10 
1 1 1 1 1 1 1 1 1
1 1 1 1 1 1 1 1 1
1 1 1 1 1 1 1 1 1
-1.33775 -3.20794 -0.402648 -0.402648 0.0649015 1.9351 1 1 1
-2.27284 -2.74039 -0.402648 0.0649015 1 0.532451 -0.870197 1 1
1.9351 1.9351 -0.870197 -0.870197 -0.402648 0.0649015 0.532451 1.46755 1
-5.07814 -3.20794 -3.20794 -0.402648 0.0649015 -2.74039 1.46755 -1.33775 1
2.8702 1.9351 3.8053 0.532451 -0.402648 -2.27284 1.9351 1 1
1 1 1 1 1 1 1 1 1
1 1 1 1 1 1 1 1 1
1 1 1 1 1 1 1 1 1


-1 -1 -1 -1 -1 -1 -1 -1 -1
-1 -1 -1 -1 -1 -1 -1 -1 -1
-1 5 5 14 4 0 0 -1 -1
5 13 14 14 14 4 0 0 -1
13 14 14 13 11 5 4 0 -1
4 5 11 11 14 14 13 5 4
13 13 13 14 14 14 5 5 0
0 4 5 13 14 14 4 4 4
-1 0 4 11 13 13 5 5 0
-1 -1 -1 -1 -1 0 5 5 0
-1 -1 -1 -1 -1 4 5 13 11


Best Personal: 399.406
Actual Value: 422.454

Best Global Iteration n°6: 126.891 at the iteration 4

 Iteracion: 8
Particula N°1 
1 1 1 1 1 1 1 1 1
1 1 1 1 1 1 1 1 1
1 1 1 1 1 1 1 1 1
0.198182 2.86095 7.27098 5.85642 -0.509097 2.81907 -0.0100477 0.697232 1
3.94281 -2.13189 -0.966852 0.988637 5.85642 3.19365 0.697232 0.198182 1
3.94281 4.35868 3.36 -1.34143 5.93959 7.97826 7.47921 3.40188 2.6946
0.198182 2.86095 2.48637 6.8551 1.52957 2.7359 5.10726 1.36263 0.697232
2.6946 3.23553 -0.00946196 0.780992 1.15499 -1.50778 4.23363 3.6927 3.60952
1 1 1 1 1 1 1 1 1
1 1 1 1 1 1 1 1 1
1 1 1 1 1 1 1 1 1


-1 -1 -1 -1 -1 -1 -1 -1 -1
-1 -1 -1 -1 -1 -1 -1 -1 -1
-1 3 15 15 12 5 3 -1 -1
1.45713 4.85168 14.0012 13.6924 13.3027 11.5896 4.97198 5.12639 -1
4.71433 10.5088 13.9829 13.2231 13.6924 7.29785 5.12639 1.45713 -1
4.71433 8.77204 11.5209 12.2747 14.3039 15.1556 11.4864 5.78301 3.6286
1.45713 4.85168 7.14344 10.9435 13.1544 10.9781 13.2759 10.0187 5.12639
3.6286 4.55992 5.88457 7.65053 14.4462 11.0516 11.8984 10.9671 10.3556
-1 2 3 15 5 5 3 3 2
-1 -1 -1 -1 -1 15 12 5 3
-1 -1 -1 -1 -1 12 15 2 2


Best Personal: 448.56
Actual Value: 400.033

Particula N°2 
1 1 1 1 1 1 1 1 1
1 1 1 1 1 1 1 1 1
1 1 1 1 1 1 1 1 1
1 1 1 1 1 1 1 1 1
11.302 11.795 11.795 2.77802 -1.2366 3.91141 3.91141 11.8359 13.4837
13.4837 13.1557 6.89735 6.07348 4.42575 1.13029 3.18766 10.2929 13.4837
13.8737 11.6311 8.64519 8.95472 7.92603 2.77802 4.83539 11.795 14.1762
10.912 10.2733 8.95472 9.52544 1.43982 1.43982 10.6024 13.1742 1
10.912 11.0897 8.51121 8.49676 7.5118 4.83539 11.2948 12.6332 1
1 1 1 1 1 1 1 1 1
1 1 1 1 1 1 1 1 1


-1 -1 -1 -1 -1 -1 -1 -1 -1
-1 -1 -1 -1 -1 -1 -1 7 7
-1 -1 -1 -1 -1 5 11 13 5
-1 2 11 13 13 11 7 7 2
24.7377 28 28 16.981 10.6731 16.1666 16.1666 20.61 22.8021
22.8021 28 22.4614 21.3653 17.1732 12.7889 12.8151 20.5903 22.8021
24.7705 22.6929 20.3982 22.4877 22.4745 16.981 17.0073 28 26.7265
22.7693 24.7246 22.4877 26.5273 14.8784 14.8784 22.6798 22.7126 -1
22.7693 28 26.6076 26.5142 21.2126 17.0073 24.691 26.7068 -1
-1 5 7 13 13 11 2 -1 -1
-1 -1 -1 -1 -1 -1 -1 -1 -1


Best Personal: 152.858
Actual Value: 195.618

Particula N°3 
1 1 1 1 1 1 1 1 1
1 1 1 1 1 1 1 1 1
1 1 1 1 1 1 1 1 1
1 1 1 1 1 1 1 1 1
1 1 1 1 1 1 1 1 1
1 1 1 1 1 1 1 1 1
1 1 1 1 1 1 1 1 1
1 1 1 1 1 1 1 1 1
1 1 1 1 1 1 1 1 1
1 1 1 1 1 1 1 1 1
1 1 1 1 1 1 1 1 1


-1 -1 -1 -1 -1 -1 -1 -1 -1
-1 -1 -1 -1 -1 -1 -1 -1 -1
-1 7 12 12 11 7 6 -1 -1
0 4 11 11 12 6 0 0 -1
6 6 11 11 11 4 0 0 -1
6 7 7 7 11 12 12 6 4
0 4 4 11 12 6 6 0 0
4 6 11 12 11 7 6 4 4
-1 0 7 7 12 12 6 4 0
-1 -1 -1 -1 -1 0 7 7 0
-1 -1 -1 -1 -1 0 11 11 4


Best Personal: 126.891
Actual Value: 158.835

Particula N°4 
1 1 1 1 1 1 1 1 1
1 1 1 1 1 1 1 1 1
1 1 1 1 1 1 1 1 1
1 1 1 1 1 1 1 1 1
15.4587 15.4587 13.3931 3.15143 -1.22393 3.48643 4.00282 11.3858 13.2699
13.2699 9.77848 8.37818 7.43611 4.5192 0.750903 4.36557 11.3858 15.3354
13.3931 12.8442 10.5344 11.4765 8.37818 3.15143 3.15143 13.3931 13.3931
13.2699 13.3931 8.37818 9.2621 1.69298 2.20936 12.8442 12.8442 1
15.3354 12.8768 12.8768 9.77848 6.06834 6.7661 13.3931 15.4587 1
1 1 1 1 1 1 1 1 1
1 1 1 1 1 1 1 1 1


-1 -1 -1 -1 -1 -1 -1 -1 -1
-1 -1 -1 -1 -1 -1 -1 4 5
-1 -1 -1 -1 -1 4 11 4 4
-1 0 4 4 4 11 11 12 4
0 0 4 12 12 12 11 4 4
4 11 11 11 11 11 4 4 0
4 4 4 5 11 12 12 4 4
4 4 11 12 12 11 4 4 -1
0 5 5 11 12 5 4 0 -1
-1 4 12 11 5 0 0 -1 -1
-1 -1 -1 -1 -1 -1 -1 -1 -1


Best Personal: 361.957
Actual Value: 192.558

Particula N°5 
1 1 1 1 1 1 1 1 1
1 1 1 1 1 1 1 1 1
1 1 1 1 1 1 1 1 1
0.346459 2.1381 0.346459 0.346459 0.346459 -5.02845 -5.02845 -5.02845 1
5.72137 -5.02845 -2.341 -0.549359 0.346459 -1.44518 -5.02845 0.346459 1
5.72137 1.24228 -3.23681 -5.92427 -0.549359 0.346459 5.72137 3.92973 3.92973
0.346459 2.1381 -1.44518 4.82555 1.24228 -4.13263 -6.82009 -12.195 -5.02845
3.92973 5.72137 10.2005 9.30464 -2.341 -4.13263 -5.02845 -6.82009 -5.92427
1 1 1 1 1 1 1 1 1
1 1 1 1 1 1 1 1 1
1 1 1 1 1 1 1 1 1


-1 -1 -1 -1 -1 -1 -1 -1 -1
-1 -1 -1 -1 -1 -1 -1 -1 -1
-1 1 1 1 7 15 3 -1 -1
1 4.39859 12 12 13 8.80423 2.80423 2.80423 -1
5.19577 8.80423 12.9021 12.3007 12 5.60141 2.80423 1 -1
5.19577 7.6993 9.20282 10.1049 12.3007 13 11.1958 5.79718 3.79718
1 4.39859 5.60141 10.4965 12.6993 8.50352 9.40564 5.20987 2.80423
3.79718 5.19577 8.69225 9.99295 12.9021 9.50352 8.80423 7.40564 7.10493
-1 1 12 12 15 15 13 7 3
-1 -1 -1 -1 -1 13 13 15 7
-1 -1 -1 -1 -1 1 12 12 15


Best Personal: 233.454
Actual Value: 255.085

Particula N°6 
1 1 1 1 1 1 1 1 1
1 1 1 1 1 1 1 1 1
1 1 1 1 1 1 1 1 1
-0.715679 2.15603 6.46359 2.87396 3.59188 2.87396 -0.715679 0.00224847 1
4.30981 3.59188 2.87396 2.87396 6.46359 1.4381 -0.715679 0.00224847 1
3.59188 3.59188 3.59188 3.59188 0.00224847 1.4381 3.59188 3.59188 2.87396
0.00224847 -2.15153 -4.30531 0.00224847 0.720176 2.87396 3.59188 -0.715679 0.00224847
2.87396 3.59188 7.18152 0.720176 0.00224847 -2.86946 2.87396 2.15603 2.15603
1 1 1 1 1 1 1 1 1
1 1 1 1 1 1 1 1 1
1 1 1 1 1 1 1 1 1


-1 -1 -1 -1 -1 -1 -1 -1 -1
-1 -1 -1 -1 -1 -1 -1 -1 -1
-1 2 13 9 4 2 2 -1 -1
0.883139 6.92858 16.9968 14.4399 15.9513 9.43995 0.883139 1.3945 -1
10.4627 9.95131 14.4399 14.4399 16.9968 6.41722 0.883139 1.3945 -1
9.95131 10.9513 10.9513 10.9513 12.3945 14.4172 15.9513 9.95131 7.43995
1.3945 3.86042 2.32633 12.3945 13.9059 9.43995 9.95131 0.883139 1.3945
7.43995 9.95131 17.5081 13.9059 12.3945 6.34905 9.43995 6.92858 6.92858
-1 4 4 4 9 9 2 2 2
-1 -1 -1 -1 -1 4 13 13 13
-1 -1 -1 -1 -1 3 9 12 3


Best Personal: 270.587
Actual Value: 221.89

Particula N°7 
1 1 1 1 1 1 1 1 1
1 1 1 1 1 1 1 1 1
1 1 1 1 1 1 1 1 1
-3.58557 -0.620395 -0.620395 -0.223603 0.966772 -0.223603 1.36356 1.36356 1.36356
-0.223603 2.55394 2.55394 2.55394 -1.41398 -1.81077 -1.81077 -0.620395 -0.620395
-0.223603 -0.620395 -1.41398 -0.223603 -0.223603 1.36356 5.33148 2.15715 2.15715
2.15715 0.966772 2.55394 1.36356 -0.223603 -1.41398 -1.81077 2.15715 -0.223603
-3.58557 -5.26859 -1.81077 1.36356 -0.223603 -1.41398 -1.81077 -0.620395 -3.58557
1 1 1 1 1 1 1 1 1
1 1 1 1 1 1 1 1 1
1 1 1 1 1 1 1 1 1


-1 -1 -1 -1 -1 -1 -1 -1 -1
-1 -1 -1 -1 -1 13 13 3 -1
-1 -1 -1 3 10 12 10 10 10
0 7.53627 7.53627 9.16558 14.0535 12.1656 18.6828 18.6828 18.6828
2.16558 20.5708 20.5708 20.5708 7.27764 5.64833 5.64833 7.53627 7.53627
2.16558 7.53627 6.27764 12.1656 12.1656 18.6828 24.976 11.9415 11.9415
11.9415 14.0535 20.5708 18.6828 12.1656 7.27764 5.64833 11.9415 2.16558
0 0 5.64833 18.6828 12.1656 7.27764 5.64833 7.53627 0
-1 10 12 13 13 12 12 3 3
-1 -1 -1 10 10 13 13 13 12
-1 -1 -1 -1 -1 -1 12 3 -1


Best Personal: 367.813
Actual Value: 379.141

Particula N°8 
1 1 1 1 1 1 1 1 1
1 1 1 1 1 1 1 1 1
1 1 1 1 1 1 1 1 1
1 1.83118 1.41559 1.41559 1.62338 0.376616 -0.662358 1 1
2.24677 0.584411 1.62338 1.62338 0.792205 -0.662358 -0.662358 -0.662358 1
2.24677 0.584411 0.584411 -0.0389736 1.41559 1.83118 3.49354 2.24677 1.83118
1 0.168821 -0.0389736 1.41559 1 -0.246768 2.24677 1 1
1.83118 2.24677 1.62338 1.83118 1.41559 0.584411 -0.246768 -0.0389736 1.83118
1 1 1 1 1 1 1 1 1
1 1 1 1 1 1 1 1 1
1 1 1 1 1 1 1 1 1


-1 -1 -1 -1 -1 -1 -1 -1 -1
-1 -1 -1 -1 -1 -1 -1 -1 -1
-1 9 9 9 9 8 0 -1 -1
0 0 9 9 9 9 8 0 -1
0 8 8 8 12 12 8 8 -1
0 9 9 12 9 8 0 0 0
0 8 9 9 12 12 0 0 0
0 0 8 8 9 9 12 9 0
-1 8 9 9 8 8 0 0 0
-1 -1 -1 -1 -1 0 0 12 9
-1 -1 -1 -1 -1 0 9 0 0


Best Personal: 137.87
Actual Value: 134.901

Particula N°9 
1 1 1 1 1 1 1 1 1
1 1 1 1 1 1 1 1 1
1 1 1 1 1 1 1 1 1
0.399865 2.19786 7.31316 7.31316 2.7043 -3.45784 -8.0667 0.382882 1
3.48942 4.2236 2.69581 -0.883206 -1.13642 -2.93442 -4.99413 -0.36828 1
1.95314 3.21922 4.48531 0.6361 -0.883206 -0.36828 7.33015 3.22772 2.45957
0.399865 2.19786 1.67444 5.27893 2.45108 -0.63848 -2.9514 -2.96839 0.382882
0.155138 -3.42387 -0.849241 -2.90046 -0.376771 0.129665 5.75989 4.73004 5.24497
1 1 1 1 1 1 1 1 1
1 1 1 1 1 1 1 1 1
1 1 1 1 1 1 1 1 1


-1 -1 -1 -1 -1 -1 -1 -1 -1
-1 -1 -1 -1 -1 -1 -1 -1 -1
-1 2 3 5 15 5 3 -1 -1
1.53026 4.90854 16.4794 16.4794 14.8466 10.273 1.64025 6.46696 -1
4.34872 14.6609 16.315 12.6217 11.6527 5.27439 3.39542 1.09146 -1
3.47114 9.31637 14.1616 14.436 12.6217 13.0915 12.5427 5.84802 3.40923
1.53026 4.90854 7.90714 11.1954 13.8776 11.0591 12.2111 11.1478 6.46696
2.09286 0.399598 2.74832 3.40099 14.5598 12.4979 15.5385 14.599 14.0688
-1 3 4 11 15 11 11 3 2
-1 -1 -1 -1 -1 15 15 5 4
-1 -1 -1 -1 -1 4 5 5 4


Best Personal: 143.338
Actual Value: 146.307

Particula N°10 
1 1 1 1 1 1 1 1 1
1 1 1 1 1 1 1 1 1
1 1 1 1 1 1 1 1 1
1 1 1 1 1 1 1 1 1
8.02058 8.02058 7.76985 4.30127 1.67529 3.46099 3.71173 5.79221 7.20855
7.96075 7.26838 5.83624 5.3788 3.71173 1.88199 2.88493 6.79515 7.96075
8.02058 7.00185 5.3788 5.83624 5.83624 4.30127 4.80274 7.76985 8.02058
7.96075 7.26838 6.58845 6.76691 3.09163 2.84089 7.00185 7.00185 1
7.96075 8.02058 7.76985 7.76985 5.71761 4.30127 6.26544 7.76985 1
1 1 1 1 1 1 1 1 1
1 1 1 1 1 1 1 1 1


-1 -1 -1 -1 -1 -1 -1 -1 -1
-1 -1 -1 -1 -1 -1 -1 7 3
-1 -1 -1 -1 -1 5 5 7 0
-1 1 1 6 7 5 1 0 0
0 0 1 3 5 7 6 5 3
0 3 6 6 7 7 3 1 0
0 3 5 6 6 3 1 1 0
0 3 3 5 5 6 3 3 -1
0 0 1 1 3 3 7 1 -1
-1 3 3 7 5 5 0 -1 -1
-1 -1 -1 -1 -1 -1 -1 -1 -1


Best Personal: 399.406
Actual Value: 262.974

Best Global Iteration n°7: 126.891 at the iteration 4

 Iteracion: 9
Particula N°1 
1 1 1 1 1 1 1 1 1
1 1 1 1 1 1 1 1 1
1 1 1 1 1 1 1 1 1
-0.608613 1.05143 2.26435 1.68975 -0.895909 -1.27929 -2.42848 -2.14118 1
2.64773 -3.29036 -1.94949 -0.576745 1.68975 0.0297151 -2.14118 -0.608613 1
2.64773 1.37059 -0.481141 -3.2585 1.43433 2.55164 4.08421 1.84958 1.56228
-0.608613 1.05143 -0.257581 3.54149 0.221407 -1.02386 -0.92826 -4.1846 -2.14118
1.56228 2.36043 2.48839 2.52026 -1.0876 -2.74764 -0.7047 -1.50285 -1.24742
1 1 1 1 1 1 1 1 1
1 1 1 1 1 1 1 1 1
1 1 1 1 1 1 1 1 1


-1 -1 -1 -1 -1 -1 -1 -1 -1
-1 -1 -1 -1 -1 -1 -1 -1 -1
-1 4 16 16 13 6 4 -1 -1
1.65532 7.71263 21.2722 19.5488 12.7936 14.4087 4.96193 5.82362 -1
8.65714 8.37687 13.0161 14.2117 19.5488 10.4915 5.82362 1.65532 -1
8.65714 13.1307 14.8809 10.9333 20.2435 23.1339 18.9656 9.18489 6.3232
1.65532 7.71263 9.62982 17.7986 14.684 13.714 18.3832 11.3814 5.82362
6.3232 7.79545 5.87511 8.43152 15.6012 9.54384 16.1321 14.6598 13.9651
-1 3 4 16 6 6 4 4 3
-1 -1 -1 -1 -1 16 13 6 4
-1 -1 -1 -1 -1 13 16 3 3


Best Personal: 400.033
Actual Value: 392.925

Particula N°2 
1 1 1 1 1 1 1 1 1
1 1 1 1 1 1 1 1 1
1 1 1 1 1 1 1 1 1
0.244184 -1.07077 1.55914 1.55914 -1.72825 0.901663 0.244184 2.21662 1
4.84653 2.8741 1.55914 -1.72825 -1.72825 -1.72825 -1.72825 0.901663 0.901663
0.244184 6.16149 1.55914 -1.72825 1.55914 1.55914 3.53158 4.18906 0.244184
5.50401 6.16149 5.50401 1.55914 -1.72825 -1.72825 -1.72825 0.244184 0.244184
6.16149 3.53158 1.55914 1.55914 -1.72825 -1.72825 -1.72825 0.901663 -3.04321
0.244184 -1.07077 -3.04321 -3.04321 -2.38573 1.55914 1.55914 1.55914 2.8741
1 1 1 1 1 1 1 1 1
1 1 1 1 1 1 1 1 1


-1 -1 -1 -1 -1 -1 -1 -1 -1
-1 -1 -1 -1 -1 -1 -1 -1 -1
-1 -1 10 15 10 10 7 -1 -1
1.53712 1.60767 11.4666 11.4666 11.6429 10.5018 9.53712 9.4313 -1
10.2902 10.396 11.4666 11.6429 11.6429 11.6429 11.6429 10.5018 10.5018
1.53712 10.2196 11.4666 11.6429 11.4666 11.4666 11.3607 9.32547 1.53712
9.25492 10.2196 11.2549 11.4666 11.6429 11.6429 11.6429 9.53712 1.53712
10.2196 11.3607 11.4666 11.4666 11.6429 11.6429 11.6429 10.5018 1.7135
1.53712 1.60767 1.7135 9.7135 10.6782 11.4666 11.4666 11.4666 10.396
-1 -1 -1 -1 2 2 10 4 2
-1 -1 -1 -1 -1 2 4 15 4


Best Personal: 152.858
Actual Value: 197.26

Particula N°3 
1 1 1 1 1 1 1 1 1
1 1 1 1 1 1 1 1 1
1 1 1 1 1 1 1 1 1
1 1 1 1 1 1 1 1 1
1 1 1 1 1 1 1 1 1
1 1 1 1 1 1 1 1 1
1 1 1 1 1 1 1 1 1
1 1 1 1 1 1 1 1 1
1 1 1 1 1 1 1 1 1
1 1 1 1 1 1 1 1 1
1 1 1 1 1 1 1 1 1


-1 -1 -1 -1 -1 -1 0 14 -1
-1 -1 -1 -1 -1 0 7 13 0
-1 -1 -1 11 13 13 14 14 4
-1 13 13 14 13 13 11 7 7
0 14 14 13 7 4 0 0 0
0 4 14 14 13 11 11 4 0
0 7 11 11 11 13 11 4 0
0 7 11 14 13 11 11 7 0
0 11 14 14 14 7 7 4 0
-1 -1 0 14 13 13 11 7 -1
-1 -1 -1 -1 -1 -1 -1 -1 -1


Best Personal: 126.891
Actual Value: 177.498

Particula N°4 
1 1 1 1 1 1 1 1 1
1 1 1 1 1 1 1 1 1
1 1 1 1 1 1 1 1 1
1 1 1 1 1 1 1 1 1
-0.894028 1.88379 1.63042 0.788939 -6.15099 -6.27767 -5.18282 -5.18282 -0.513972
-0.513972 -1.43683 3.02396 2.13717 -1.10208 -2.91174 -2.19694 -8.08733 -6.32299
-2.0342 3.85619 -0.894028 -3.03842 -3.03842 -0.513972 -0.640657 -5.01082 -8.37675
-5.18282 -0.432601 -2.32362 -0.513972 -1.10208 -0.387286 7.47549 5.37641 -0.513972
-0.513972 0.499513 1.88379 0.327512 -0.513972 -6.27767 -6.27767 -8.67544 -1.78083
1 1 1 1 1 1 1 1 1
1 1 1 1 1 1 1 1 1


-1 -1 -1 -1 -1 -1 16 8 -1
-1 -1 -1 -1 -1 2 16 13 13
-1 -1 -1 13 13 16 16 13 13
-1 8 13 16 16 15 13 2 2
3.1141 15.1845 16.0671 15.4161 10.3507 7.79202 2.56047 2.56047 1.79028
1.79028 3.84064 11.2131 14.302 14.2567 13.396 13.4883 8.9313 6.53194
7.08556 11.6425 14.1141 13.8373 13.8373 14.7903 13.2316 3.37928 0.775293
2.56047 11.0889 13.9296 15.7903 14.2567 12.349 13.364 6.34726 1.79028
1.79028 9.26009 15.1845 15.4413 15.7903 10.792 10.792 8.39776 6.20301
-1 -1 2 2 2 13 13 2 -1
-1 -1 -1 -1 -1 -1 -1 -1 -1


Best Personal: 192.558
Actual Value: 187.047

Particula N°5 
1 1 1 1 1 1 1 1 1
1 1 1 1 1 1 1 1 1
1 1 1 1 1 1 1 1 1
-5.02574 -3.26771 -5.02574 -4.43973 -2.6817 -0.923673 1.42037 3.1784 6.69446
-1.50968 3.1784 3.1784 -0.337662 -4.43973 -5.02574 -3.26771 -3.26771 -3.26771
-1.50968 2.00638 2.00638 0.834358 -0.923673 -0.337662 -0.337662 -3.26771 -1.50968
-3.26771 -0.923673 -0.337662 -0.337662 -2.6817 -2.6817 -3.26771 -3.26771 -5.02574
-1.50968 -1.50968 -1.50968 1.42037 -0.923673 -4.43973 -5.02574 -5.02574 -5.02574
1 1 1 1 1 1 1 1 1
1 1 1 1 1 1 1 1 1
1 1 1 1 1 1 1 1 1


-1 -1 -1 -1 -1 -1 -1 -1 -1
-1 -1 -1 -1 -1 13 13 10 -1
-1 -1 -1 13 13 16 16 16 4
5.21307 9.98644 11.2131 11.8042 13.5776 12.3509 14.7154 13.4888 11.0355
2.75981 13.4888 13.4888 15.9421 11.8042 11.2131 9.98644 9.98644 9.98644
2.75981 6.30654 6.30654 11.1243 12.3509 15.9421 15.9421 9.98644 8.75981
9.98644 12.3509 15.9421 15.9421 13.5776 10.5776 9.98644 9.98644 5.21307
2.75981 2.75981 8.75981 14.7154 12.3509 11.8042 11.2131 11.2131 5.21307
-1 4 4 10 13 16 16 16 10
-1 -1 -1 4 13 16 16 10 10
-1 -1 -1 -1 -1 -1 13 13 -1


Best Personal: 233.454
Actual Value: 295.914

Particula N°6 
1 1 1 1 1 1 1 1 1
1 1 1 1 1 1 1 1 1
1 1 1 1 1 1 1 1 1
0.686288 2.56856 1.31371 1.62742 1.62742 1.62742 3.19598 4.13712 5.39196
0.686288 3.82341 3.19598 2.88227 0.686288 0.686288 1.31371 2.88227 2.88227
0.686288 1.62742 0.686288 1.62742 1.94114 4.13712 4.13712 2.56856 2.88227
2.56856 3.82341 3.19598 2.88227 1.94114 1 1.31371 1.62742 1
1 -0.254847 1.31371 3.19598 1.94114 0.686288 0.372577 1.31371 -0.568559
1 1 1 1 1 1 1 1 1
1 1 1 1 1 1 1 1 1
1 1 1 1 1 1 1 1 1


-1 -1 -1 -1 -1 -1 -1 -1 -1
-1 -1 -1 -1 -1 4 4 0 -1
-1 -1 -1 5 5 7 8 4 4
1 1 5 5 8 8 7 4 0
1 5 7 8 8 7 5 0 0
1 4 7 8 7 4 4 1 0
1 1 7 8 7 7 5 4 0
0 4 5 7 7 8 8 5 5
-1 1 7 7 8 5 5 4 1
-1 -1 -1 1 1 8 7 1 1
-1 -1 -1 -1 -1 -1 7 0 -1


Best Personal: 221.89
Actual Value: 187.07

Particula N°7 
1 1 1 1 1 1 1 1 1
1 1 1 1 1 1 1 1 1
1 1 1 1 1 1 1 1 1
1 1 1 1 1 1 1 1 1
0.877342 2.72469 2.59603 1.27134 0.48334 0.0873364 -0.449345 -0.449345 0.871336
0.738667 0.332652 1.37999 1.12866 1.002 0.742671 1.00801 0.0933429 0.895362
0.895362 1.81003 1.01001 1.01001 1.01001 1.53468 2.33269 1.394 0.871336
0.744673 0.748678 1.01001 1.13667 1.002 1.26734 2.32869 1.786 0.871336
0.871336 0.987987 1.39801 1.13467 1.40201 0.75068 1.67936 1.28536 0.891357
1 1 1 1 1 1 1 1 1
1 1 1 1 1 1 1 1 1


-1 -1 -1 -1 -1 -1 1 11 -1
-1 -1 -1 -1 -1 11 13 2 1
-1 -1 -1 1 1 9 13 11 1
-1 1 9 11 11 13 2 1 1
1.00921 1.02994 2.03224 11.0115 11.0069 11.0023 10.9862 10.9862 1.0023
2 8.98388 10.9862 12.9977 13.0023 13.0046 11.0092 11.0092 1.02994
1.02994 1.02994 11.0115 11.0115 11.0115 9.01382 1.02994 1.0023 1.0023
2.00691 9.01152 11.0115 13.0069 13.0023 9.00691 1.02533 1.0023 1.0023
1.0023 10.9862 11.0069 13.0046 11.0115 9.01382 2.02994 2.02764 1.02533
-1 -1 13 11 9 1 1 1 -1
-1 -1 -1 -1 -1 -1 -1 -1 -1


Best Personal: 367.813
Actual Value: 345.846

Particula N°8 
1 1 1 1 1 1 1 1 1
1 1 1 1 1 1 1 1 1
1 1 1 1 1 1 1 1 1
1 1 1 1 1 1 1 1 1
-0.694333 3.87998 3.87998 2.57303 -4.61517 -6.57559 -5.26864 -5.26864 -0.694333
-0.694333 -6.57559 -0.0408599 -0.0408599 -0.694333 1.26609 6.49387 2.57303 -0.0408599
-0.0408599 3.87998 1.91956 1.26609 -2.00128 -0.694333 -2.00128 2.57303 -0.0408599
-0.0408599 -1.34781 -1.34781 0.612613 2.57303 1.26609 1.91956 -0.694333 -0.694333
-5.26864 1.91956 -0.0408599 0.612613 3.2265 -1.34781 -1.34781 -2.65475 -0.694333
1 1 1 1 1 1 1 1 1
1 1 1 1 1 1 1 1 1


-1 -1 -1 -1 -1 -1 15 16 -1
-1 -1 -1 -1 -1 2 15 15 11
-1 -1 -1 2 3 3 15 16 15
-1 3 10 15 15 16 15 15 2
1.37029 16.4244 16.4244 15.1232 7.46678 4.01502 0.316191 0.316191 1.37029
1.37029 4.01502 15.5209 15.5209 14.3703 12.822 14.0267 6.12321 1.52087
1.52087 9.42438 12.9726 12.822 12.0691 14.3703 12.0691 6.12321 1.52087
1.52087 8.2197 12.2197 15.6715 15.1232 12.822 12.9726 8.37029 1.37029
0.316191 12.9726 15.5209 15.6715 16.2738 8.2197 8.2197 4.91853 1.37029
-1 -1 16 15 15 11 11 10 -1
-1 -1 -1 -1 -1 -1 -1 -1 -1


Best Personal: 134.901
Actual Value: 143.785

Particula N°9 
1 1 1 1 1 1 1 1 1
1 1 1 1 1 1 1 1 1
1 1 1 1 1 1 1 1 1
0.302217 -0.744457 -0.0466744 -0.0466744 -0.0466744 2.39557 3.09335 3.79113 1
3.44224 2.04667 2.39557 -0.0466744 -0.0466744 2.39557 3.79113 4.14002 4.14002
1 4.14002 2.74446 2.74446 2.74446 -0.0466744 2.39557 2.04667 1
3.79113 -0.395566 -0.0466744 -0.0466744 2.74446 3.79113 3.79113 3.79113 1
4.14002 4.48891 3.79113 3.79113 2.74446 2.39557 2.74446 2.39557 1
1 1 0.302217 -0.744457 -0.395566 -0.0466744 -0.0466744 2.39557 2.39557
1 1 1 1 1 1 1 1 1
1 1 1 1 1 1 1 1 1


-1 -1 -1 -1 -1 -1 -1 -1 -1
-1 -1 -1 -1 -1 -1 -1 -1 -1
-1 -1 1 1 7 14 1 -1 -1
2.31389 4.28473 12.9708 12.9708 12.9708 7.37222 5.05833 3.74443 -1
5.40138 8.02916 8.37222 12.9708 12.9708 8.37222 5.74443 4.08749 4.08749
1 4.08749 7.71527 7.71527 7.71527 12.9708 8.37222 7.02916 1
3.74443 12.6278 12.9708 12.9708 7.71527 5.74443 5.74443 3.74443 1
4.08749 4.43054 5.74443 5.74443 7.71527 8.37222 7.71527 7.37222 1
1 1 2.31389 12.2847 12.6278 12.9708 12.9708 8.37222 7.37222
-1 -1 -1 -1 3 14 6 6 1
-1 -1 -1 -1 -1 3 1 1 1


Best Personal: 143.338
Actual Value: 163.248

Particula N°10 
1 1 1 1 1 1 1 1 1
1 1 1 1 1 1 1 1 1
1 1 1 1 1 1 1 1 1
-4.04775 -7.49397 -2.32464 -2.32464 -1.46309 1.98312 0.260017 0.260017 1
-5.77086 -6.63241 -2.32464 -1.46309 0.260017 -0.601537 -3.1862 0.260017 1
1.98312 1.98312 -3.1862 -3.1862 -2.32464 -1.46309 -0.601537 1.12157 0.260017
-10.9402 -7.49397 -7.49397 -2.32464 -1.46309 -6.63241 1.12157 -4.04775 0.260017
3.70623 1.98312 5.42934 -0.601537 -2.32464 -5.77086 1.98312 0.260017 0.260017
1 1 1 1 1 1 1 1 1
1 1 1 1 1 1 1 1 1
1 1 1 1 1 1 1 1 1


-1 -1 -1 -1 -1 -1 -1 -1 -1
-1 -1 -1 -1 -1 -1 -1 -1 -1
-1 6 6 15 5 1 1 -1 -1
3.66225 9.79206 13.5974 13.5974 14.0649 5.9351 1 1 -1
10.7272 11.2596 13.5974 13.0649 12 5.53245 3.1298 1 -1
5.9351 6.9351 10.1298 10.1298 13.5974 14.0649 13.5325 6.46755 5
7.92186 9.79206 9.79206 13.5974 14.0649 11.2596 6.46755 3.66225 1
2.8702 5.9351 8.8053 13.5325 13.5974 11.7272 5.9351 5 5
-1 1 5 12 14 14 6 6 1
-1 -1 -1 -1 -1 1 6 6 1
-1 -1 -1 -1 -1 5 6 14 12


Best Personal: 262.974
Actual Value: 321.369

Best Global Iteration n°8: 126.891 at the iteration 4

 Iteracion: 10
Particula N°1 
1 1 1 1 1 1 1 1 1
1 1 1 1 1 1 1 1 1
1 1 1 1 1 1 1 1 1
-0.763216 -1.6998 -1.15003 0.696637 0.144889 0.0899124 2.15649 1.43981 1
2.21147 4.3615 4.41648 0.696637 0.283322 0.283322 -1.4534 -2.22505 1.49479
2.07502 2.92815 4.41648 -1.50837 -1.86671 -1.4534 2.26644 2.15649 1
2.87317 1.88161 1.93658 0.696637 -1.15003 -1.56335 -1.92169 -2.03164 1.71668
1.49479 1.54977 0.144889 0.503228 0.696637 0.283322 -1.56335 -1.20501 -2.05814
2.07502 2.07502 2.43336 1.82663 -1.20501 -1.15003 -1.92169 -2.28003 -2.22505
1 1 1 1 1 1 1 1 1
1 1 1 1 1 1 1 1 1


-1 -1 -1 -1 -1 -1 -1 -1 -1
-1 -1 -1 -1 -1 -1 -1 -1 -1
-1 -1 1 12 12 12 11 -1 -1
5.48326 8.72489 8.72489 9.62081 5.86244 5.86244 1.75837 1 -1
1.75837 4.03348 4.03348 9.62081 10.2416 10.2416 7.3457 6.58733 1
2.13756 2.51674 4.03348 8.3457 7.96652 7.3457 1.75837 1.75837 1
2.51674 7.75837 7.75837 9.62081 8.72489 9.3457 8.96652 8.96652 1.75837
1 1 5.86244 6.24163 9.62081 10.2416 9.3457 8.72489 8.3457
2.13756 2.13756 2.51674 7.75837 8.72489 8.72489 8.96652 8.58733 6.58733
-1 -1 -1 -1 10 12 7 1 1
-1 -1 -1 -1 -1 10 11 12 7


Best Personal: 392.925
Actual Value: 361.153

Particula N°2 
1 1 1 1 1 1 1 1 1
1 1 1 1 1 1 1 1 1
1 1 1 1 1 1 1 1 1
-0.10195 -0.746783 0.542883 0.542883 -1.0692 0.220467 -0.10195 0.8653 1
2.15497 1.18772 0.542883 -1.0692 -1.0692 -1.0692 -1.0692 0.220467 0.220467
-0.10195 2.7998 0.542883 -1.0692 0.542883 0.542883 1.51013 1.83255 -0.10195
2.47738 2.7998 2.47738 0.542883 -1.0692 -1.0692 -1.0692 -0.10195 -0.10195
2.7998 1.51013 0.542883 0.542883 -1.0692 -1.0692 -1.0692 0.220467 -2.42042
-0.10195 -0.746783 -2.42042 -1.71403 -1.39162 0.542883 0.542883 0.542883 1.18772
1 1 1 1 1 1 1 1 1
1 1 1 1 1 1 1 1 1


-1 -1 -1 -1 -1 -1 -1 -1 -1
-1 -1 -1 -1 -1 -1 -1 -1 -1
-1 -1 11 16 11 11 8 -1 -1
1.78131 0.536899 13.0257 13.0257 9.9147 11.4035 9.78131 11.6479 -1
15.1367 13.2701 13.0257 9.9147 9.9147 9.9147 9.9147 11.4035 11.4035
1.78131 16.3811 13.0257 9.9147 13.0257 13.0257 14.8923 13.5145 1.78131
14.7589 16.3811 16.7589 13.0257 9.9147 9.9147 9.9147 9.78131 1.78131
16.3811 14.8923 13.0257 13.0257 9.9147 9.9147 9.9147 11.4035 0
1.78131 0.536899 0 6.67029 8.29249 13.0257 13.0257 13.0257 13.2701
-1 -1 -1 -1 3 3 11 5 3
-1 -1 -1 -1 -1 3 5 16 5


Best Personal: 152.858
Actual Value: 195.408

Particula N°3 
1 1 1 1 1 1 1 1 1
1 1 1 1 1 1 1 1 1
1 1 1 1 1 1 1 1 1
1 1 1 1 1 1 1 1 1
0.178996 0.178996 0.178996 0.178996 0.178996 0.178996 0.178996 0.178996 0.178996
0.178996 0.178996 0.178996 0.178996 0.178996 0.178996 0.178996 0.178996 0.178996
0.178996 0.178996 0.178996 0.178996 0.178996 0.178996 0.178996 0.178996 0.178996
0.178996 0.178996 0.178996 0.178996 0.178996 0.178996 0.178996 0.178996 0.178996
0.178996 0.178996 0.178996 0.178996 0.178996 0.178996 0.178996 0.178996 0.178996
1 1 1 1 1 1 1 1 1
1 1 1 1 1 1 1 1 1


-1 -1 -1 -1 -1 -1 1 15 -1
-1 -1 -1 -1 -1 1 8 14 1
-1 -1 -1 12 14 14 15 15 5
-1 14 14 15 14 14 12 8 8
1 15 15 14 8 5 1 1 1
1 5 15 15 14 12 12 5 1
1 8 12 12 12 14 12 5 1
1 8 12 15 14 12 12 8 1
1 12 15 15 15 8 8 5 1
-1 -1 1 15 14 14 12 8 -1
-1 -1 -1 -1 -1 -1 -1 -1 -1


Best Personal: 126.891
Actual Value: 182.876

Particula N°4 
1 1 1 1 1 1 1 1 1
1 1 1 1 1 1 1 1 1
1 1 1 1 1 1 1 1 1
1 1 1 1 1 1 1 1 1
19.1231 19.1231 16.4924 3.44798 -2.1247 3.87466 4.53235 13.9357 16.3354
16.3354 11.8885 10.105 8.90516 5.19004 0.390548 4.99437 13.9357 18.9662
16.4924 15.7932 12.8513 14.0512 10.105 3.44798 3.44798 16.4924 16.4924
16.3354 16.4924 10.105 11.2308 1.59042 2.24811 15.7932 15.7932 1
18.9662 15.8347 15.8347 11.8885 7.16311 8.05181 16.4924 19.1231 1
1 1 1 1 1 1 1 1 1
1 1 1 1 1 1 1 1 1


-1 -1 -1 -1 -1 -1 -1 -1 -1
-1 -1 -1 -1 -1 -1 -1 5 6
-1 -1 -1 -1 -1 5 12 5 5
-1 1 5 5 5 12 12 13 5
15.4587 15.4587 17.3931 15.1514 10.7761 15.4864 15.0028 15.3858 17.2699
17.2699 20.7785 19.3782 18.4361 15.5192 11.7509 8.36557 15.3858 15.3354
17.3931 16.8442 14.5344 16.4765 19.3782 15.1514 15.1514 17.3931 17.3931
17.2699 17.3931 19.3782 21.2621 13.693 13.2094 16.8442 16.8442 -1
15.3354 17.8768 17.8768 20.7785 18.0683 11.7661 17.3931 15.4587 -1
-1 5 13 12 6 1 1 -1 -1
-1 -1 -1 -1 -1 -1 -1 -1 -1


Best Personal: 187.047
Actual Value: 151.78

Particula N°5 
1 1 1 1 1 1 1 1 1
1 1 1 1 1 1 1 1 1
1 1 1 1 1 1 1 1 1
-3.59437 -2.63659 -3.59437 -3.27511 -2.31733 -1.35955 -0.0825071 0.875275 2.79084
-1.67881 0.875275 0.875275 -1.04029 -3.27511 -3.59437 -2.63659 -2.63659 -2.63659
-1.67881 0.236753 0.236753 -0.401768 -1.35955 -1.04029 -1.04029 -2.63659 -1.67881
-2.63659 -1.35955 -1.04029 -1.04029 -2.31733 -2.31733 -2.63659 -2.63659 -3.59437
-1.67881 -1.67881 -1.67881 -0.0825071 -1.35955 -3.27511 -3.59437 -3.59437 -3.59437
1 1 1 1 1 1 1 1 1
1 1 1 1 1 1 1 1 1
1 1 1 1 1 1 1 1 1


-1 -1 -1 -1 -1 -1 -1 -1 -1
-1 -1 -1 -1 -1 14 14 11 -1
-1 -1 -1 14 14 17 17 17 5
0.187323 6.71872 6.18732 7.36446 10.8959 11.4273 16.1358 16.6672 17.73
1.25012 16.6672 16.6672 15.6044 7.36446 6.18732 6.71872 6.71872 6.71872
1.25012 8.31292 8.31292 11.9587 11.4273 15.6044 15.6044 6.71872 7.25012
6.71872 11.4273 15.6044 15.6044 10.8959 7.89586 6.71872 6.71872 0.187323
1.25012 1.25012 7.25012 16.1358 11.4273 7.36446 6.18732 6.18732 0.187323
-1 5 5 11 14 17 17 17 11
-1 -1 -1 5 14 17 17 11 11
-1 -1 -1 -1 -1 -1 14 14 -1


Best Personal: 233.454
Actual Value: 355.498

Particula N°6 
1 1 1 1 1 1 1 1 1
1 1 1 1 1 1 1 1 1
1 1 1 1 1 1 1 1 1
-0.196079 3.84083 1.14956 1.82238 1.82238 1.82238 5.18647 7.20493 9.8962
-0.196079 6.53211 5.18647 4.51365 -0.196079 -0.196079 1.14956 4.51365 4.51365
-0.196079 1.82238 -0.196079 1.82238 2.4952 7.20493 7.20493 3.84083 4.51365
3.84083 6.53211 5.18647 4.51365 2.4952 0.47674 1.14956 1.82238 0.47674
0.47674 -2.21454 1.14956 5.18647 2.4952 -0.196079 -0.868898 1.14956 -2.88735
1 1 1 1 1 1 1 1 1
1 1 1 1 1 1 1 1 1
1 1 1 1 1 1 1 1 1


-1 -1 -1 -1 -1 -1 -1 -1 -1
-1 -1 -1 -1 -1 5 5 1 -1
-1 -1 -1 6 6 8 9 5 5
1.68629 3.56856 6.31371 6.62742 9.62742 9.62742 10.196 8.13712 5.39196
1.68629 8.82341 10.196 10.8823 8.68629 7.68629 6.31371 2.88227 2.88227
1.68629 5.62742 7.68629 9.62742 8.94114 8.13712 8.13712 3.56856 2.88227
3.56856 4.82341 10.196 10.8823 8.94114 8 6.31371 5.62742 1
1 3.74515 6.31371 10.196 8.94114 8.68629 8.37258 6.31371 4.43144
-1 2 8 8 9 6 6 5 2
-1 -1 -1 2 2 9 8 2 2
-1 -1 -1 -1 -1 -1 8 1 -1


Best Personal: 187.07
Actual Value: 166.355

Particula N°7 
1 1 1 1 1 1 1 1 1
1 1 1 1 1 1 1 1 1
1 1 1 1 1 1 1 1 1
1 1 1 1 1 1 1 1 1
0.207087 6.36466 5.92561 1.52613 -1.11195 -2.43147 -4.19287 -4.19287 0.20567
-0.234326 -1.5562 1.96045 1.08377 0.645193 -0.233381 0.646611 -2.43005 0.211341
0.211341 3.288 0.647083 0.647083 0.647083 2.40565 5.0461 1.96376 0.20567
-0.232908 -0.231963 0.647083 1.08566 0.645193 1.52518 5.04515 3.28233 0.20567
0.20567 0.641885 1.96471 1.08519 1.96565 -0.231491 2.84848 1.52944 0.210396
1 1 1 1 1 1 1 1 1
1 1 1 1 1 1 1 1 1


-1 -1 -1 -1 -1 -1 2 12 -1
-1 -1 -1 -1 -1 12 14 3 2
-1 -1 -1 2 2 10 14 12 2
-1 2 10 12 12 14 3 2 2
1.88655 3.75463 4.62827 12.2829 11.4902 11.0896 10.5368 10.5368 1.87364
2.73867 9.31653 12.3662 14.1264 14.0043 13.7473 12.0172 11.1026 1.9253
1.9253 2.83997 12.0215 12.0215 12.0215 10.5485 3.36263 2.3963 1.87364
2.75158 9.76019 12.0215 14.1436 14.0043 10.2742 3.35402 2.7883 1.87364
1.87364 11.9742 12.4049 14.1393 12.4135 9.7645 3.7093 3.313 1.91669
-1 -1 14 12 10 2 2 2 -1
-1 -1 -1 -1 -1 -1 -1 -1 -1


Best Personal: 345.846
Actual Value: 310.848

Particula N°8 
1 1 1 1 1 1 1 1 1
1 1 1 1 1 1 1 1 1
1 1 1 1 1 1 1 1 1
1 1 1 1 1 1 1 1 1
-1.02968 -0.519695 -0.519695 -0.665405 -1.46681 -3.59329 -5.2298 -5.2298 -1.02968
-1.02968 -3.59329 -0.956824 -0.956824 -1.02968 -0.811115 -0.228275 -0.665405 -0.956824
-0.956824 -0.519695 -0.73826 -0.811115 -1.17539 -1.02968 -1.17539 -0.665405 -0.956824
-0.956824 -1.10253 -1.10253 -0.88397 -0.665405 -0.811115 -0.73826 -1.02968 -1.02968
-5.2298 -0.73826 -0.956824 -0.88397 -0.59255 -1.10253 -1.10253 -1.24824 -1.02968
1 1 1 1 1 1 1 1 1
1 1 1 1 1 1 1 1 1


-1 -1 -1 -1 -1 -1 16 17 -1
-1 -1 -1 -1 -1 3 16 16 12
-1 -1 -1 3 4 4 16 17 16
-1 4 11 16 16 17 16 16 3
0.675953 20.3044 20.3044 17.6962 2.85161 0 0 0 0.675953
0.675953 0 15.48 15.48 13.676 14.0881 20.5206 8.69624 1.48001
1.48001 13.3044 14.8922 14.0881 10.0678 13.676 10.0678 8.69624 1.48001
1.48001 6.87189 10.8719 16.2841 17.6962 14.0881 14.8922 7.67595 0.675953
0 14.8922 15.48 16.2841 19.5003 6.87189 6.87189 2.26378 0.675953
-1 -1 17 16 16 12 12 11 -1
-1 -1 -1 -1 -1 -1 -1 -1 -1


Best Personal: 134.901
Actual Value: 138.751

Particula N°9 
1 1 1 1 1 1 1 1 1
1 1 1 1 1 1 1 1 1
1 1 1 1 1 1 1 1 1
-0.485805 0.692885 1.20442 1.20442 0.0776052 -3.64627 -7.98275 -2.70725 1
2.48685 -1.76823 -1.03312 -1.16905 -0.861411 -2.0401 -4.82034 -0.673608 1
2.11125 0.573048 -0.965151 -3.01489 -1.16905 -0.673608 3.42587 1.68377 1.49597
-0.485805 0.692885 -0.913281 2.55482 0.385245 -2.58741 -4.26155 -6.48299 -2.70725
0.932558 -0.713839 3.27384 2.40279 -1.78433 -2.39961 -1.39263 -2.38351 -1.88807
1 1 1 1 1 1 1 1 1
1 1 1 1 1 1 1 1 1
1 1 1 1 1 1 1 1 1


-1 -1 -1 -1 -1 -1 -1 -1 -1
-1 -1 -1 -1 -1 -1 -1 -1 -1
-1 3 4 6 16 6 4 -1 -1
1.93012 7.1064 23.7925 23.7925 17.5509 6.81516 0 6.84984 -1
7.83815 18.8845 19.0108 11.7385 10.5162 2.33997 0 0.723185 -1
5.42427 12.5356 18.6469 15.0721 11.7385 12.7232 19.8728 9.07574 5.8688
1.93012 7.1064 9.58159 16.4743 16.3287 10.4206 9.25969 8.17941 6.84984
2.248 0 1.89908 0.500536 14.183 12.6276 21.2984 19.329 19.3137
-1 4 5 12 16 12 12 4 3
-1 -1 -1 -1 -1 16 16 6 5
-1 -1 -1 -1 -1 5 6 6 5


Best Personal: 143.338
Actual Value: 154.399

Particula N°10 
1 1 1 1 1 1 1 1 1
1 1 1 1 1 1 1 1 1
1 1 1 1 1 1 1 1 1
-3.97708 -6.83373 -2.36241 -2.36241 -1.61719 1.36369 -0.126748 -0.126748 1
-5.34329 -6.08851 -2.36241 -1.61719 -0.126748 -0.871969 -3.1258 -0.126748 1
1.36369 1.36369 -3.10763 -3.10763 -2.36241 -1.61719 -0.871969 0.618472 -0.126748
-10.7873 -6.83373 -6.83373 -2.36241 -1.61719 -6.08851 0.618472 -3.97708 -0.126748
2.85413 1.36369 4.34457 -0.871969 -2.36241 -5.34329 1.36369 -0.126748 -0.126748
1 1 1 1 1 1 1 1 1
1 1 1 1 1 1 1 1 1
1 1 1 1 1 1 1 1 1


-1 -1 -1 -1 -1 -1 -1 -1 -1
-1 -1 -1 -1 -1 -1 -1 -1 -1
-1 7 7 16 6 2 2 -1 -1
0 2.29809 11.2727 11.2727 12.6018 7.91822 1.26002 1.26002 -1
4.9563 4.62719 11.2727 11.6018 12.26 4.93091 0 1.26002 -1
7.91822 8.91822 6.94361 6.94361 11.2727 12.6018 12.9309 7.58912 5.26002
0 2.29809 2.29809 11.2727 12.6018 4.62719 7.58912 0 1.26002
6.57643 7.91822 14.2346 12.9309 11.2727 5.9563 7.91822 5.26002 5.26002
-1 2 6 13 15 15 7 7 2
-1 -1 -1 -1 -1 2 7 7 2
-1 -1 -1 -1 -1 6 7 15 13


Best Personal: 262.974
Actual Value: 359.117

Best Global Iteration n°9: 126.891 at the iteration 4
##**************************************************************************
##******************************* RESULTS **********************************
##**************************************************************************
##
## Best solution found: 126.891
